1,2,3
0.0,0.0,0.0
0.0,0.0,0.0
0.00025129533678756475,0.00155,0.00014607679465776296
0.21950129533678744,0.23142500000000005,0.2214983305509181
0.4677435233160616,0.4608,0.46451168614357236
0.5261567357512956,0.5178,0.522689482470785
0.5257512953367872,0.5204500000000001,0.5223155258764616
0.5109740932642496,0.5078,0.5074098497495827
0.4996943005181353,0.4961499999999998,0.49619198664440667
0.48667746113989657,0.4794250000000001,0.48247412353923275
0.44095854922279815,0.42845000000000005,0.43495242070116746
0.29785103626942994,0.282375,0.28830550918196973
0.03634326424870469,0.03525,0.033388146911519215
0.0,0.0,0.0
0.0,0.0,0.0
0.0,0.0,0.0
0.0,0.0,0.0
0.0,0.0,0.0
0.0,0.0,0.0
0.0,0.0,0.0
0.0,0.0,0.0
0.0,0.0,0.0
0.0,0.0,0.0
0.0,0.0,0.0
0.0,0.0,0.0
0.0,0.0,0.0
0.00022538860103626945,0.00125,0.00010934891485809683
0.2244585492227979,0.23747500000000005,0.22755509181969963
0.47419948186528593,0.4699750000000001,0.4726994991652767
0.5330816062176156,0.5277000000000001,0.5312929883138559
0.5324067357512949,0.5298499999999999,0.5304666110183628
0.5165699481865279,0.515575,0.514450751252086
0.5040284974093262,0.5025000000000002,0.5020400667779638
0.4901580310880831,0.4849000000000001,0.4876110183639405
0.44520854922279735,0.4342999999999999,0.44082554257095136
0.30276295336787595,0.28822500000000006,0.29433388981636105
0.03668523316062173,0.035550000000000005,0.03387979966611017
0.0,0.0,0.0
0.0,0.0,0.0
0.0,0.0,0.0
0.0,0.0,0.0
0.0,0.0,0.0
0.0,0.0,0.0
0.0,0.0,0.0
0.0,0.0,0.0
0.0,0.0,0.0
0.0,0.0,0.0
0.0,0.0,0.0
0.0,0.0,0.0
0.0,0.0,0.0
0.00019300518134715024,0.0009250000000000001,6.67779632721202e-05
0.22515803108808313,0.23904999999999998,0.22962687813021737
0.4709183937823837,0.4654749999999998,0.4715759599332223
0.5280414507772014,0.5209750000000001,0.528207011686143
0.5257694300518136,0.5212999999999999,0.5255926544240398
0.508961139896372,0.5063250000000001,0.5085676126878115
0.49548834196891206,0.49252499999999994,0.4952504173622718
0.4813536269430061,0.47475000000000006,0.48053338898163644
0.4366813471502592,0.42505000000000004,0.43422954924874774
0.2970077720207256,0.28175,0.29035475792988347
0.035332901554404154,0.03445,0.03280133555926543
0.0,0.0,0.0
0.0,0.0,0.0
0.0,0.0,0.0
0.0,0.0,0.0
0.0,0.0,0.0
0.0,0.0,0.0
0.0,0.0,0.0
0.0,0.0,0.0
0.0,0.0,0.0
0.0,0.0,0.0
0.0,0.0,0.0
0.0,0.0,0.0
0.0,0.0,0.0
0.00015544041450777204,0.0005,3.5058430717863105e-05
0.21434326424870456,0.2263,0.21787228714524218
0.45476943005181375,0.448675,0.4542629382303836
0.5139559585492232,0.50595,0.512654424040067
0.514387305699482,0.508575,0.5126185308848092
0.4998199481865285,0.49570000000000025,0.4975893155258768
0.48817875647668396,0.48369999999999996,0.4859015025041735
0.47532642487046667,0.4672500000000001,0.4723656093489143
0.43138601036269447,0.41825,0.4266869782971621
0.29625388601036273,0.27919999999999995,0.28784724540901513
0.04003108808290159,0.038575000000000005,0.036909849749582606
0.0,0.0,0.0
0.0,0.0,0.0
0.0,0.0,0.0
0.0,0.0,0.0
0.0,0.0,0.0
0.0,0.0,0.0
0.0,0.0,0.0
0.0,0.0,0.0
0.0,0.0,0.0
0.0,0.0,0.0
0.0,0.0,0.0
0.0,0.0,0.0
0.0,0.0,0.0
0.00011658031088082901,0.00025,1.001669449081803e-05
0.21346891191709852,0.22575000000000003,0.21644323873121887
0.46170336787564725,0.45505000000000007,0.4594958263772956
0.5220194300518135,0.513675,0.5195542570951587
0.5233743523316063,0.517825,0.5207262103505848
0.51009585492228,0.506375,0.507088480801336
0.49943523316062155,0.49552500000000005,0.4963130217028372
0.4879015544041451,0.4803250000000001,0.4839866444073454
0.44564507772020706,0.4325500000000001,0.43978380634390624
0.31112435233160607,0.29445000000000016,0.3017353923205342
0.044904145077720295,0.042725000000000006,0.0414348914858097
0.0,0.0,0.0
0.0,0.0,0.0
0.0,0.0,0.0
0.0,0.0,0.0
0.0,0.0,0.0
0.0,0.0,0.0
0.0,0.0,0.0
0.0,0.0,0.0
0.0,0.0,0.0
0.0,0.0,0.0
0.0,0.0,0.0
0.0,0.0,0.0
0.0,0.0,0.0
9.4559585492228e-05,0.0001,0.0
0.22282642487046644,0.23642499999999997,0.22547161936560975
0.4772033678756481,0.4721000000000002,0.47455676126878216
0.5359080310880818,0.5296000000000001,0.5332462437395659
0.5353808290155437,0.5311750000000001,0.5328188647746236
0.520727979274611,0.5178,0.5181335559265436
0.5096891191709848,0.5063,0.5071761268781296
0.49903367875647664,0.49232499999999996,0.49590484140233765
0.4587914507772029,0.44732500000000003,0.45381719532554277
0.3240453367875649,0.30829999999999996,0.314912353923205
0.04735621761658033,0.04517500000000001,0.04348247078464107
0.0,0.0,0.0
0.0,0.0,0.0
0.0,0.0,0.0
0.0,0.0,0.0
0.0,0.0,0.0
0.0,0.0,0.0
0.0,0.0,0.0
0.0,0.0,0.0
0.0,0.0,0.0
0.0,0.0,0.0
0.0,0.0,0.0
0.0,0.0,0.0
0.0,0.0,0.0
8.16062176165803e-05,0.0,0.0
0.22298056994818655,0.23752500000000004,0.22698914858096833
0.47448834196891254,0.47062500000000007,0.4739115191986652
0.5346334196891177,0.5291750000000001,0.5337429048414016
0.5339274611398955,0.5308250000000001,0.5327412353923192
0.5178121761658031,0.5164500000000001,0.5163230383973285
0.504708549222798,0.5033749999999999,0.503255425709516
0.49178497409326444,0.48694999999999994,0.4897253756260438
0.44950259067357506,0.4395000000000001,0.44576293823038443
0.31563989637305717,0.30099999999999993,0.3077621035058434
0.04572150259067357,0.043925,0.042048414023372296
0.0,0.0,0.0
0.0,0.0,0.0
0.0,0.0,0.0
0.0,0.0,0.0
0.0,0.0,0.0
0.0,0.0,0.0
0.0,0.0,0.0
0.0,0.0,0.0
0.0,0.0,0.0
0.0,0.0,0.0
0.0,0.0,0.0
0.0,0.0,0.0
0.0,0.0,0.0
6.476683937823834e-05,0.0,0.0
0.2222331606217619,0.23557499999999995,0.22534808013355628
0.4696398963730579,0.4666,0.4684540901502503
0.5305531088082893,0.5252500000000002,0.5286853088480807
0.5308147668393782,0.52785,0.5288030050083476
0.5151450777202066,0.5138750000000001,0.513068447412354
0.5013523316062184,0.4996500000000001,0.49946577629382277
0.4868613989637307,0.48185,0.48446410684474156
0.44412823834196896,0.434775,0.4404173622704498
0.31284455958549245,0.29899999999999993,0.3054749582637729
0.0457318652849741,0.044300000000000006,0.042246243739565925
0.0,0.0,0.0
0.0,0.0,0.0
0.0,0.0,0.0
0.0,0.0,0.0
0.0,0.0,0.0
0.0,0.0,0.0
0.0,0.0,0.0
0.0,0.0,0.0
0.0,0.0,0.0
0.0,0.0,0.0
0.0,0.0,0.0
0.0,0.0,0.0
0.0,0.0,0.0
5.440414507772021e-05,0.0,0.0
0.21477331606217628,0.22635000000000005,0.21757178631051757
0.46472538860103585,0.45924999999999994,0.4629332220367286
0.5308911917098444,0.523725,0.5283363939899829
0.5333886010362696,0.5283249999999999,0.5305584307178638
0.5191373056994816,0.5153749999999999,0.5160918196994996
0.5067370466321243,0.5027250000000001,0.5037746243739566
0.4945401554404149,0.4868499999999999,0.4909966611018371
0.4524805699481865,0.4392250000000001,0.4472328881469116
0.3225479274611401,0.305125,0.31372287145242095
0.052242227979274594,0.049574999999999994,0.048187813021702816
0.0,0.0,0.0
0.0,0.0,0.0
0.0,0.0,0.0
0.0,0.0,0.0
0.0,0.0,0.0
0.0,0.0,0.0
0.0,0.0,0.0
0.0,0.0,0.0
0.0,0.0,0.0
0.0,0.0,0.0
0.0,0.0,0.0
0.0,0.0,0.0
0.0,0.0,0.0
4.9222797927461135e-05,0.0,0.0
0.21748316062176173,0.22947499999999993,0.21977545909849744
0.46785362694300603,0.462025,0.4656936560934892
0.5283575129533679,0.5216,0.525605175292153
0.5284818652849744,0.523825,0.5256402337228727
0.5149792746113988,0.51085,0.5119499165275468
0.5042746113989638,0.49937499999999996,0.50126794657763
0.49396502590673635,0.48539999999999983,0.4902871452420701
0.45413860103626963,0.44075,0.44880467445742916
0.32639119170984476,0.30910000000000004,0.3176377295492489
0.05458549222797923,0.05184999999999999,0.05021035058430722
0.0,0.0,0.0
0.0,0.0,0.0
0.0,0.0,0.0
0.0,0.0,0.0
0.0,0.0,0.0
0.0,0.0,0.0
0.0,0.0,0.0
0.0,0.0,0.0
0.0,0.0,0.0
0.0,0.0,0.0
0.0,0.0,0.0
0.0,0.0,0.0
0.0,0.0,0.0
4.533678756476684e-05,0.0,0.0
0.21822538860103613,0.23047499999999999,0.22023706176961608
0.4756049222797925,0.46917500000000006,0.4721218697829724
0.54121243523316,0.5336749999999999,0.5372161936560934
0.5429196891191707,0.5383249999999998,0.5389557595993314
0.5280168393782382,0.525175,0.5239223706176965
0.5146683937823843,0.51155,0.5106786310517526
0.5024404145077713,0.4955999999999999,0.4978288814691157
0.4615686528497406,0.4496500000000001,0.4552746243739564
0.33408678756476684,0.317525,0.3245300500834724
0.05908678756476688,0.055799999999999995,0.054422370617696225
0.0,0.0,0.0
0.0,0.0,0.0
0.0,0.0,0.0
0.0,0.0,0.0
0.0,0.0,0.0
0.0,0.0,0.0
0.0,0.0,0.0
0.0,0.0,0.0
0.0,0.0,0.0
0.0,0.0,0.0
0.0,0.0,0.0
0.0,0.0,0.0
0.0,0.0,0.0
4.792746113989638e-05,0.0,0.0
0.2191424870466319,0.232825,0.22172621035058449
0.47155440414507777,0.46725000000000005,0.4689565943238747
0.5331386010362698,0.5276250000000001,0.5302295492487488
0.5339805699481859,0.5309,0.5309833055091815
0.5191826424870462,0.5172749999999999,0.5162220367278799
0.5068251295336785,0.50465,0.5041293823038401
0.49638471502590664,0.4910750000000001,0.49310100166944965
0.4579313471502593,0.44770000000000004,0.4530242070116856
0.333646373056995,0.3181250000000001,0.3249065108514195
0.06005569948186527,0.05692499999999999,0.055331385642738
0.0,0.0,0.0
0.0,0.0,0.0
0.0,0.0,0.0
0.0,0.0,0.0
0.0,0.0,0.0
0.0,0.0,0.0
0.0,0.0,0.0
0.0,0.0,0.0
0.0,0.0,0.0
0.0,0.0,0.0
0.0,0.0,0.0
0.0,0.0,0.0
0.0,0.0,0.0
5.0518134715025905e-05,0.0,0.0
0.22016839378238331,0.2330249999999999,0.22355258764607716
0.46961398963730616,0.4652499999999999,0.46826711185308956
0.5310310880829008,0.5246750000000001,0.5291318864774619
0.5318251295336778,0.5280000000000001,0.5297921535893139
0.517376943005181,0.5148250000000001,0.5152295492487478
0.5049792746113994,0.5022249999999999,0.5029924874791318
0.49419041450777235,0.4879249999999999,0.49178464106844816
0.45635103626942974,0.44489999999999996,0.45254757929883055
0.3345207253886005,0.318475,0.32711018363939887
0.061415803108808356,0.05745,0.056827212020033505
0.0,0.0,0.0
0.0,0.0,0.0
0.0,0.0,0.0
0.0,0.0,0.0
0.0,0.0,0.0
0.0,0.0,0.0
0.0,0.0,0.0
0.0,0.0,0.0
0.0,0.0,0.0
0.0,0.0,0.0
0.0,0.0,0.0
0.0,0.0,0.0
0.0,0.0,0.0
5.310880829015544e-05,0.0,0.0
0.21907901554404155,0.23125,0.22265275459098494
0.47050777202072513,0.46415000000000006,0.4699557595993331
0.5327733160621765,0.523975,0.5314999999999998
0.5332538860103629,0.526525,0.531649415692821
0.5187163212435235,0.5136750000000001,0.5168372287145245
0.506354922279793,0.5009750000000001,0.504528380634391
0.495809585492228,0.48687499999999995,0.49346160267111855
0.4580777202072539,0.44407500000000005,0.45416777963272176
0.33799740932642486,0.319025,0.3306093489148575
0.06613730569948181,0.061349999999999995,0.061432387312187066
0.0,0.0,0.0
0.0,0.0,0.0
0.0,0.0,0.0
0.0,0.0,0.0
0.0,0.0,0.0
0.0,0.0,0.0
0.0,0.0,0.0
0.0,0.0,0.0
0.0,0.0,0.0
0.0,0.0,0.0
0.0,0.0,0.0
0.0,0.0,0.0
0.0,0.0,0.0
5.440414507772021e-05,0.0,0.0
0.21777849740932656,0.22935000000000003,0.22095993322203686
0.4748432642487049,0.4669999999999999,0.4725091819699504
0.5392759067357513,0.5298500000000002,0.536267946577629
0.5408251295336787,0.5340499999999999,0.5376427378964941
0.5269922279792746,0.52155,0.5236669449081802
0.5145751295336789,0.5092500000000001,0.5113639398998328
0.5036062176165806,0.49495000000000006,0.4997295492487488
0.46505181347150226,0.4513750000000001,0.459625208681135
0.34565803108808263,0.32685,0.3369691151919869
0.072,0.06644999999999998,0.06672537562604346
0.0,0.0,0.0
0.0,0.0,0.0
0.0,0.0,0.0
0.0,0.0,0.0
0.0,0.0,0.0
0.0,0.0,0.0
0.0,0.0,0.0
0.0,0.0,0.0
0.0,0.0,0.0
0.0,0.0,0.0
0.0,0.0,0.0
0.0,0.0,0.0
0.0,0.0,0.0
5.9585492227979276e-05,0.0,0.0
0.2208341968911917,0.23249999999999998,0.22422537562604347
0.47493134715025936,0.467725,0.4732237061769622
0.5382512953367871,0.5295250000000001,0.5357846410684465
0.5399740932642481,0.5335000000000001,0.5373923205342221
0.5265,0.5211999999999998,0.5237195325542562
0.5143613989637301,0.508525,0.5117070116861431
0.5034857512953368,0.49384999999999996,0.500368113522538
0.46526295336787593,0.450875,0.4609248747913188
0.3459443005181346,0.32675,0.33828046744574275
0.07203367875647673,0.066175,0.06694490818030055
0.0,0.0,0.0
0.0,0.0,0.0
0.0,0.0,0.0
0.0,0.0,0.0
0.0,0.0,0.0
0.0,0.0,0.0
0.0,0.0,0.0
0.0,0.0,0.0
0.0,0.0,0.0
0.0,0.0,0.0
0.0,0.0,0.0
0.0,0.0,0.0
0.0,0.0,0.0
6.476683937823834e-05,0.0,0.0
0.21889378238341933,0.229,0.22214941569282126
0.4666619170984458,0.46010000000000006,0.4661327212020046
0.5310777202072535,0.523375,0.5300984974958254
0.5337707253886002,0.5285750000000002,0.5325358931552566
0.5208108808290149,0.516975,0.5192003338898152
0.5088018134715031,0.504275,0.5071711185308856
0.49777720207253917,0.48997500000000016,0.4954883138564272
0.4584015544041452,0.44559999999999994,0.45449833055091843
0.33909196891191734,0.32120000000000004,0.3316994991652751
0.07239248704663209,0.066725,0.06731051752921546
0.0,0.0,0.0
0.0,0.0,0.0
0.0,0.0,0.0
0.0,0.0,0.0
0.0,0.0,0.0
0.0,0.0,0.0
0.0,0.0,0.0
0.0,0.0,0.0
0.0,0.0,0.0
0.0,0.0,0.0
0.0,0.0,0.0
0.0,0.0,0.0
0.0,0.0,0.0
7.124352331606216e-05,0.0001,0.0
0.21861010362694291,0.22990000000000005,0.22109181969949915
0.47265932642487013,0.4670750000000001,0.4701994991652763
0.5398005181347142,0.53355,0.5368931552587629
0.5428924870466317,0.5392499999999999,0.5398564273789652
0.5285181347150251,0.5260750000000001,0.5253155258764607
0.5148639896373058,0.511975,0.5117345575959933
0.5038264248704666,0.49729999999999996,0.5000325542570954
0.46629404145077746,0.454125,0.4610434056761267
0.3494507772020726,0.33207500000000006,0.3407621035058426
0.07933419689119171,0.0736,0.07340818030050095
0.0,0.0,0.0
0.0,0.0,0.0
0.0,0.0,0.0
0.0,0.0,0.0
0.0,0.0,0.0
0.0,0.0,0.0
0.0,0.0,0.0
0.0,0.0,0.0
0.0,0.0,0.0
0.0,0.0,0.0
0.0,0.0,0.0
0.0,0.0,0.0
0.0,0.0,0.0
9.196891191709843e-05,0.00027499999999999996,2.5041736227045077e-06
0.223603626943005,0.23479999999999995,0.22668363939899824
0.47801424870466364,0.4727,0.47604257095158603
0.5437396373056993,0.537075,0.54126878130217
0.5464740932642485,0.5421250000000002,0.5439332220367281
0.532376943005181,0.5294999999999999,0.5296836393989989
0.5193069948186533,0.5163749999999998,0.516730383973289
0.5091373056994823,0.5031249999999999,0.5060250417362261
0.47231347150259056,0.461075,0.467798831385642
0.35595466321243524,0.33919999999999995,0.3480659432387311
0.08212046632124348,0.07599999999999998,0.0762103505843072
0.0,0.0,0.0
0.0,0.0,0.0
0.0,0.0,0.0
0.0,0.0,0.0
0.0,0.0,0.0
0.0,0.0,0.0
0.0,0.0,0.0
0.0,0.0,0.0
0.0,0.0,0.0
0.0,0.0,0.0
0.0,0.0,0.0
0.0,0.0,0.0
0.0,0.0,0.0
0.00011787564766839378,0.0005,1.0851419031719533e-05
0.22737694300518135,0.23925000000000005,0.23112854757929896
0.4775906735751297,0.47280000000000005,0.4764190317195328
0.5412914507772018,0.5350750000000002,0.5390909849749573
0.5441981865284968,0.539875,0.5417429048414015
0.5306606217616573,0.527525,0.5281343906510847
0.5180751295336791,0.5144499999999999,0.5158572621035057
0.5081217616580311,0.501225,0.505388981636061
0.4719546632124353,0.45994999999999997,0.46791652754591107
0.35670725388601005,0.33987500000000004,0.3495333889816362
0.08330699481865282,0.07642499999999999,0.07756427378964949
0.0,0.0,0.0
0.0,0.0,0.0
0.0,0.0,0.0
0.0,0.0,0.0
0.0,0.0,0.0
0.0,0.0,0.0
0.0,0.0,0.0
0.0,0.0,0.0
0.0,0.0,0.0
0.0,0.0,0.0
0.0,0.0,0.0
0.0,0.0,0.0
0.0,0.0,0.0
0.00015803108808290156,0.0007250000000000001,3.422370617696161e-05
0.22260362694300562,0.23300000000000004,0.2262295492487483
0.47028626943005253,0.4644750000000001,0.470183639398999
0.5372240932642485,0.5301750000000001,0.5363547579298817
0.5418264248704657,0.5370249999999999,0.5406577629382296
0.5290142487046627,0.5258749999999999,0.5272445742904832
0.5156139896373056,0.512475,0.5136385642737893
0.5040090673575134,0.4971249999999999,0.5016118530884806
0.4650440414507767,0.4532,0.4615701168614356
0.34880310880828996,0.3317249999999999,0.3418931552587641
0.0830880829015544,0.07625,0.07721285475792987
0.0,0.0,0.0
0.0,0.0,0.0
0.0,0.0,0.0
0.0,0.0,0.0
0.0,0.0,0.0
0.0,0.0,0.0
0.0,0.0,0.0
0.0,0.0,0.0
0.0,0.0,0.0
0.0,0.0,0.0
0.0,0.0,0.0
0.0,0.0,0.0
0.0,0.0,0.0
0.00019948186528497412,0.0009000000000000001,7.595993322203673e-05
0.22239378238341945,0.23177500000000006,0.22573455759599334
0.4668911917098445,0.4604499999999999,0.4658823038397334
0.533629533678756,0.5253500000000001,0.531838063439065
0.5399883419689111,0.5337500000000002,0.5378163606010001
0.5287694300518133,0.5243000000000001,0.5262245409015015
0.5164093264248708,0.5115999999999999,0.5138472454090155
0.5050453367875645,0.4969000000000001,0.5018823038397332
0.4666761658031089,0.4535,0.46208013355592614
0.35294430051813436,0.33505000000000007,0.3453489148580967
0.08829663212435236,0.08144999999999998,0.08202337228714537
0.0,0.0,0.0
0.0,0.0,0.0
0.0,0.0,0.0
0.0,0.0,0.0
0.0,0.0,0.0
0.0,0.0,0.0
0.0,0.0,0.0
0.0,0.0,0.0
0.0,0.0,0.0
0.0,0.0,0.0
0.0,0.0,0.0
0.0,0.0,0.0
0.0,0.0,0.0
0.0002383419689119171,0.0012749999999999999,0.00012353923205342236
0.2282512953367881,0.23850000000000007,0.231721202003339
0.4782318652849748,0.4720750000000001,0.4765601001669457
0.5431852331606213,0.535625,0.5408948247078452
0.5470777202072531,0.5414999999999999,0.5448338898163603
0.5343316062176158,0.530375,0.5321594323873114
0.5219702072538851,0.518025,0.5200442404006664
0.5123821243523318,0.5051500000000001,0.5099991652754592
0.4768769430051815,0.46442500000000003,0.47307429048414057
0.36537564766839387,0.34782499999999994,0.3583697829716195
0.0948445595854922,0.08729999999999999,0.08833555926544256
0.0,0.0,0.0
0.0,0.0,0.0
0.0,0.0,0.0
0.0,0.0,0.0
0.0,0.0,0.0
0.0,0.0,0.0
0.0,0.0,0.0
0.0,0.0,0.0
0.0,0.0,0.0
0.0,0.0,0.0
0.0,0.0,0.0
0.0,0.0,0.0
0.0,0.0,0.0
0.0003044041450777202,0.0018500000000000003,0.00021869782971619366
0.23376554404145075,0.24444999999999992,0.23743823038397283
0.48342875647668415,0.477525,0.48296076794657905
0.5478290155440415,0.5407000000000001,0.5467813021702836
0.5532707253886007,0.5483250000000001,0.551954924874791
0.5416787564766836,0.5383499999999999,0.5400651085141894
0.5298626943005174,0.52655,0.528185308848079
0.5201450777202082,0.5136249999999999,0.5178080133555929
0.4845181347150266,0.472675,0.48072370617696175
0.37315414507772027,0.35647499999999993,0.3662404006677807
0.10000906735751294,0.092675,0.09327295492487485
0.0,0.0,0.0
0.0,0.0,0.0
0.0,0.0,0.0
0.0,0.0,0.0
0.0,0.0,0.0
0.0,0.0,0.0
0.0,0.0,0.0
0.0,0.0,0.0
0.0,0.0,0.0
0.0,0.0,0.0
0.0,0.0,0.0
0.0,0.0,0.0
0.0,0.0,0.0
0.00039248704663212433,0.002375,0.00031469115191986647
0.2395712435233161,0.250625,0.2437237061769614
0.49004274611399007,0.48504999999999987,0.48972704507512493
0.5519378238341976,0.5463500000000001,0.5511594323873112
0.5558730569948183,0.5520750000000001,0.5549198664440733
0.5424753886010362,0.54015,0.5413196994991646
0.5286567357512949,0.5262,0.5277153589315525
0.5174494818652842,0.512,0.5161978297161929
0.4814106217616574,0.47132499999999994,0.4790684474123549
0.37241968911917095,0.3568750000000001,0.3667637729549244
0.10160233160621769,0.09319999999999999,0.09503589315525895
0.0,0.0,0.0
0.0,0.0,0.0
0.0,0.0,0.0
0.0,0.0,0.0
0.0,0.0,0.0
0.0,0.0,0.0
0.0,0.0,0.0
0.0,0.0,0.0
0.0,0.0,0.0
0.0,0.0,0.0
0.0,0.0,0.0
0.0,0.0,0.0
0.0,0.0,0.0
0.0005142487046632125,0.003075,0.0004699499165275461
0.24112564766839412,0.25270000000000004,0.24570283806343876
0.49246891191709863,0.4877999999999999,0.49301001669449035
0.5546437823834193,0.549325,0.5548414023372282
0.5584766839378228,0.5550249999999999,0.5583180300500836
0.5448950777202072,0.542775,0.5444474123539229
0.5312681347150253,0.528875,0.5309323873121852
0.5211373056994815,0.5152999999999998,0.5201761268781294
0.48642227979274644,0.47555,0.4841719532554261
0.3790168393782383,0.36275,0.37339565943238756
0.10728626943005183,0.09895000000000001,0.10051502504173634
0.0,0.0,0.0
0.0,0.0,0.0
0.0,0.0,0.0
0.0,0.0,0.0
0.0,0.0,0.0
0.0,0.0,0.0
0.0,0.0,0.0
0.0,0.0,0.0
0.0,0.0,0.0
0.0,0.0,0.0
0.0,0.0,0.0
0.0,0.0,0.0
0.0,0.0,0.0
0.0006398963730569948,0.0039250000000000005,0.0007103505843071788
0.24603497409326403,0.25695,0.2505434056761272
0.5000414507772023,0.4950999999999999,0.5001469115191982
0.5622953367875642,0.5569000000000002,0.5615058430717872
0.566847150259067,0.563325,0.5658155258764603
0.5543069948186532,0.5523,0.5530258764607686
0.5412784974093262,0.5390749999999999,0.5400375626043393
0.5319028497409322,0.5266499999999998,0.530113522537561
0.49765414507772054,0.4874500000000001,0.4947646076794653
0.39031865284974115,0.37415000000000004,0.3842946577629383
0.11436269430051815,0.10565,0.10743906510851418
0.0,0.0,0.0
0.0,0.0,0.0
0.0,0.0,0.0
0.0,0.0,0.0
0.0,0.0,0.0
0.0,0.0,0.0
0.0,0.0,0.0
0.0,0.0,0.0
0.0,0.0,0.0
0.0,0.0,0.0
0.0,0.0,0.0
0.0,0.0,0.0
0.0,0.0,0.0
0.0007992227979274612,0.00505,0.0009866444073455764
0.2530388601036271,0.266175,0.25776460767946613
0.5094196891191716,0.5056499999999999,0.5095534223706178
0.5706347150259071,0.5665999999999999,0.5700242070116853
0.5747772020725394,0.5726249999999998,0.5739632721202013
0.5623056994818657,0.5612499999999999,0.5611936560934895
0.5494948186528488,0.5479250000000002,0.5484540901502504
0.5396230569948185,0.5349750000000002,0.5380317195325539
0.5041023316062175,0.49427500000000013,0.5014165275459095
0.3955790155440413,0.38012499999999994,0.3899073455759599
0.11786528497409325,0.10894999999999999,0.11101335559265438
0.0,0.0,0.0
0.0,0.0,0.0
0.0,0.0,0.0
0.0,0.0,0.0
0.0,0.0,0.0
0.0,0.0,0.0
0.0,0.0,0.0
0.0,0.0,0.0
0.0,0.0,0.0
0.0,0.0,0.0
0.0,0.0,0.0
0.0,0.0,0.0
0.0,0.0,0.0
0.0010259067357512954,0.005974999999999999,0.0013297161936560936
0.2520038860103626,0.2633,0.2568113522537563
0.5028005181347146,0.49742499999999995,0.5032529215358932
0.5592733160621762,0.5528250000000001,0.5589724540901508
0.5621282383419685,0.5574499999999999,0.5614891485809683
0.5502357512953368,0.5474,0.5491686143572618
0.5384313471502575,0.5355749999999999,0.5372562604340557
0.529737046632124,0.5238,0.5277879799666108
0.49691709844559623,0.48645000000000005,0.49387395659432354
0.39364637305699507,0.3776499999999998,0.38784974958263746
0.12199352331606227,0.1129,0.1150325542570951
0.0,0.0,0.0
0.0,0.0,0.0
0.0,0.0,0.0
0.0,0.0,0.0
0.0,0.0,0.0
0.0,0.0,0.0
0.0,0.0,0.0
0.0,0.0,0.0
0.0,0.0,0.0
0.0,0.0,0.0
0.0,0.0,0.0
0.0,0.0,0.0
0.0,0.0,0.0
0.001312176165803109,0.006875000000000001,0.001748747913188648
0.2567966321243527,0.26815,0.261775459098497
0.5100518134715022,0.5052000000000001,0.5096978297161935
0.5672305699481869,0.5614000000000001,0.5658806343906513
0.5698173575129534,0.5649749999999999,0.5682737896494165
0.555813471502591,0.5522750000000002,0.5541252086811348
0.5419235751295332,0.5382250000000001,0.5405075125208677
0.5320829015544035,0.5258,0.5303171953255417
0.49963860103626956,0.48922499999999997,0.4971302170283806
0.39843264248704674,0.38265,0.3928681135225376
0.12720854922279784,0.11775000000000002,0.11996410684474115
0.0,0.0,0.0
0.0,0.0,0.0
0.0,0.0,0.0
0.0,0.0,0.0
0.0,0.0,0.0
0.0,0.0,0.0
0.0,0.0,0.0
0.0,0.0,0.0
0.0,0.0,0.0
0.0,0.0,0.0
0.0,0.0,0.0
0.0,0.0,0.0
0.0,0.0,0.0
0.001731865284974093,0.007875,0.002354757929883138
0.25903108808290176,0.270425,0.26349666110183645
0.5093795336787567,0.5045750000000001,0.5092136894824701
0.5659170984455955,0.5596249999999997,0.5651636060100175
0.5688199481865291,0.5636499999999999,0.5679532554257094
0.555510362694301,0.5521999999999998,0.5544298831385642
0.5422331606217615,0.53955,0.5412595993322207
0.5322046632124345,0.5270499999999998,0.53070450751252
0.4990608808290161,0.48972499999999985,0.4963856427378975
0.3984961139896373,0.38345000000000007,0.39269449081803026
0.12960621761658028,0.12004999999999996,0.1222078464106845
0.0,0.0,0.0
0.0,0.0,0.0
0.0,0.0,0.0
0.0,0.0,0.0
0.0,0.0,0.0
0.0,0.0,0.0
0.0,0.0,0.0
0.0,0.0,0.0
0.0,0.0,0.0
0.0,0.0,0.0
0.0,0.0,0.0
0.0,0.0,0.0
0.0,0.0,0.0
0.002116580310880829,0.007975,0.002906510851419032
0.2653911917098449,0.27669999999999995,0.2692963272120201
0.503373056994819,0.5049750000000001,0.502310517529215
0.563608808290155,0.562375,0.5617195325542563
0.5690129533678758,0.5681749999999999,0.5669741235392328
0.5568886010362695,0.5567249999999999,0.5549340567612684
0.543358808290155,0.5433000000000001,0.5414924874791311
0.5311178756476681,0.529525,0.5286811352253747
0.49392227979274633,0.48967499999999997,0.4904390651085139
0.3843743523316063,0.37614999999999993,0.37763272120200303
0.11396113989637292,0.1086,0.1054382303839735
0.0,0.0,0.0
0.0,0.0,0.0
0.0,0.0,0.0
0.0,0.0,0.0
0.0,0.0,0.0
0.0,0.0,0.0
0.0,0.0,0.0
0.0,0.0,0.0
0.0,0.0,0.0
0.0,0.0,0.0
0.0,0.0,0.0
0.0,0.0,0.0
0.0,0.0,0.0
0.0026152849740932634,0.008725,0.003629382303839733
0.26349740932642446,0.27405000000000007,0.26763105175292135
0.49873834196891215,0.49997500000000006,0.498170283806344
0.5584663212435229,0.5577,0.5571978297161941
0.5644404145077719,0.5643499999999999,0.5629507512520872
0.5534663212435235,0.5536499999999999,0.5518714524207008
0.5409326424870465,0.541275,0.5395183639398992
0.5300867875647672,0.5286000000000001,0.5279599332220374
0.49295077720207214,0.4888,0.48961352253756274
0.38277461139896346,0.3750000000000001,0.3760642737896494
0.11629792746114002,0.11097499999999996,0.1076978297161939
0.0,0.0,0.0
0.0,0.0,0.0
0.0,0.0,0.0
0.0,0.0,0.0
0.0,0.0,0.0
0.0,0.0,0.0
0.0,0.0,0.0
0.0,0.0,0.0
0.0,0.0,0.0
0.0,0.0,0.0
0.0,0.0,0.0
0.0,0.0,0.0
0.0,0.0,0.0
0.0031295336787564767,0.009325,0.0044373956594323865
0.26362305699481814,0.27432500000000004,0.2675242070116859
0.49856476683937795,0.5001249999999999,0.4977404006677798
0.5610194300518138,0.5606000000000002,0.5590592654424045
0.5695777202072535,0.569725,0.5673155258764607
0.5593549222797923,0.5598000000000001,0.5570342237061768
0.5466334196891188,0.547175,0.5445133555926542
0.5355893782383415,0.534375,0.5327212020033399
0.4984326424870467,0.494175,0.49434557595993295
0.38789766839378265,0.37917499999999993,0.38053589315525876
0.1209054404145077,0.114625,0.11205509181969985
0.0,0.0,0.0
0.0,0.0,0.0
0.0,0.0,0.0
0.0,0.0,0.0
0.0,0.0,0.0
0.0,0.0,0.0
0.0,0.0,0.0
0.0,0.0,0.0
0.0,0.0,0.0
0.0,0.0,0.0
0.0,0.0,0.0
0.0,0.0,0.0
0.0,0.0,0.0
0.0036632124352331615,0.009850000000000001,0.0052946577629382294
0.26770725388601035,0.27732499999999993,0.27139565943238775
0.5017862694300512,0.5023500000000001,0.500969115191987
0.5596373056994818,0.5586500000000001,0.5580191986644408
0.5671075129533678,0.5672999999999999,0.5652370617696167
0.5578704663212443,0.558575,0.5558205342237058
0.5466269430051814,0.54725,0.5447003338898173
0.5371295336787566,0.53555,0.5344207011686144
0.5013626943005183,0.4964999999999999,0.49730383973288805
0.3922979274611402,0.38285,0.3848363939899839
0.12639507772020728,0.11955000000000002,0.11724707846410695
0.0,0.0,0.0
0.0,0.0,0.0
0.0,0.0,0.0
0.0,0.0,0.0
0.0,0.0,0.0
0.0,0.0,0.0
0.0,0.0,0.0
0.0,0.0,0.0
0.0,0.0,0.0
0.0,0.0,0.0
0.0,0.0,0.0
0.0,0.0,0.0
0.0,0.0,0.0
0.004286269430051815,0.010350000000000002,0.00618447412353923
0.2677046632124353,0.2768,0.2714524207011686
0.4996554404145081,0.5001,0.4989457429048411
0.5630582901554404,0.5618999999999998,0.5613580968280469
0.5731424870466317,0.5721249999999999,0.5711318864774623
0.5638069948186523,0.562975,0.5615901502504164
0.5514533678756479,0.550525,0.5493889816360594
0.5413756476683932,0.53875,0.5385801335559267
0.5046787564766835,0.4989499999999999,0.5007570951585975
0.39496761658031104,0.3854,0.38786227045075133
0.1290958549222798,0.12185000000000001,0.12026961602671152
0.0,0.0,0.0
0.0,0.0,0.0
0.0,0.0,0.0
0.0,0.0,0.0
0.0,0.0,0.0
0.0,0.0,0.0
0.0,0.0,0.0
0.0,0.0,0.0
0.0,0.0,0.0
0.0,0.0,0.0
0.0,0.0,0.0
0.0,0.0,0.0
0.0,0.0,0.0
0.005088082901554404,0.011149999999999998,0.007413188647746244
0.2713510362694303,0.27972499999999995,0.27522704507512524
0.5063354922279791,0.5054000000000001,0.5058447412353921
0.5683782383419693,0.566025,0.5671986644407344
0.577089378238342,0.5750500000000001,0.575689482470785
0.5664715025906737,0.564925,0.5647646076794657
0.5532020725388593,0.5516250000000001,0.551549248747913
0.5417862694300516,0.5382750000000002,0.539391485809682
0.5043341968911929,0.4980749999999999,0.5006878130217033
0.39558937823834256,0.385475,0.3886669449081809
0.13262694300518152,0.12495,0.12353923205342235
0.0,0.0,0.0
0.0,0.0,0.0
0.0,0.0,0.0
0.0,0.0,0.0
0.0,0.0,0.0
0.0,0.0,0.0
0.0,0.0,0.0
0.0,0.0,0.0
0.0,0.0,0.0
0.0,0.0,0.0
0.0,0.0,0.0
0.0,0.0,0.0
0.0,0.0,0.0
0.005825129533678755,0.011575,0.008567612687813022
0.27510751295336805,0.2836,0.27839565943238714
0.51235621761658,0.5100249999999998,0.510486644407345
0.5733549222797929,0.5688500000000001,0.5704081803005004
0.5828769430051828,0.5793999999999999,0.579645242070117
0.5738484455958559,0.5710000000000001,0.5703146911519208
0.5620362694300512,0.559575,0.5586101836393991
0.5517435233160622,0.547825,0.5476435726210355
0.515712435233161,0.5093,0.5104599332220375
0.40942357512953353,0.398575,0.40111853088480814
0.1450401554404146,0.13704999999999995,0.1353372287145238
0.0,0.0,0.0
0.0,0.0,0.0
0.0,0.0,0.0
0.0,0.0,0.0
0.0,0.0,0.0
0.0,0.0,0.0
0.0,0.0,0.0
0.0,0.0,0.0
0.0,0.0,0.0
0.0,0.0,0.0
0.0,0.0,0.0
0.0,0.0,0.0
0.0,0.0,0.0
0.0065220207253886,0.0118,0.009715358931552592
0.28834974093264254,0.29587499999999994,0.290872287145242
0.5327176165803106,0.5300749999999999,0.5302378964941556
0.5913458549222806,0.5865750000000001,0.588409015025043
0.5986658031088085,0.5942000000000001,0.5958881469115203
0.5898225388601034,0.5859249999999999,0.5868013355592663
0.5788445595854926,0.5757749999999999,0.5759156928213685
0.5692474093264245,0.5647,0.565624373956594
0.533962435233161,0.5270750000000001,0.5290392320534235
0.4298406735751294,0.4180499999999999,0.421348914858097
0.1598821243523317,0.15075,0.14974624373956608
0.0,0.0,0.0
0.0,0.0,0.0
0.0,0.0,0.0
0.0,0.0,0.0
0.0,0.0,0.0
0.0,0.0,0.0
0.0,0.0,0.0
0.0,0.0,0.0
0.0,0.0,0.0
0.0,0.0,0.0
0.0,0.0,0.0
0.0,0.0,0.0
0.0,0.0,0.0
0.007927461139896374,0.013025000000000004,0.011749582637729546
0.30246891191709824,0.31040000000000006,0.3059290484140229
0.5531178756476687,0.5511750000000001,0.5509106844741234
0.6138549222797931,0.6105999999999999,0.6107779632721204
0.6222357512953375,0.619425,0.619023372287145
0.6126865284974092,0.610275,0.6091727879799665
0.6005738341968919,0.5983750000000001,0.5971694490818031
0.5904300518134706,0.586625,0.5863347245409003
0.5547215025906732,0.5483999999999999,0.5493664440734555
0.4508354922279792,0.43987499999999996,0.44206594323873094
0.17316968911917094,0.164225,0.16238230383973257
0.0,0.0,0.0
0.0,0.0,0.0
0.0,0.0,0.0
0.0,0.0,0.0
0.0,0.0,0.0
0.0,0.0,0.0
0.0,0.0,0.0
0.0,0.0,0.0
0.0,0.0,0.0
0.0,0.0,0.0
0.0,0.0,0.0
0.0,0.0,0.0
0.0,0.0,0.0
0.009641191709844565,0.014450000000000001,0.01423455759599332
0.3094533678756478,0.31900000000000006,0.31362604340567624
0.552174870466321,0.5529,0.5514156928213686
0.6075725388601044,0.6071500000000001,0.6061310517529224
0.6135544041450781,0.6130500000000001,0.6120100166944908
0.6020336787564773,0.6011999999999998,0.6002904841402344
0.5881852331606217,0.5871999999999999,0.5866343906510851
0.576722797927461,0.5741499999999998,0.5746736227045078
0.5407694300518131,0.5355249999999998,0.5374841402337216
0.438604922279793,0.428625,0.432059265442404
0.1667642487046632,0.15759999999999996,0.1573722871452423
1.2953367875647669e-06,0.0,0.0
0.0,0.0,0.0
0.0,0.0,0.0
0.0,0.0,0.0
0.0,0.0,0.0
0.0,0.0,0.0
0.0,0.0,0.0
0.0,0.0,0.0
0.0,0.0,0.0
0.0,0.0,0.0
0.0,0.0,0.0
0.0,0.0,0.0
0.0,0.0,0.0
0.01020984455958549,0.014224999999999998,0.014903171953255427
0.30430181347150237,0.31275000000000003,0.3081343906510847
0.5447098445595857,0.5447250000000001,0.543454924874791
0.6012810880829026,0.5999249999999999,0.5992562604340588
0.609155440414508,0.60755,0.6069933222036735
0.5999922279792753,0.598425,0.5977529215358949
0.5888251295336793,0.5870749999999999,0.5867996661101827
0.579967616580312,0.5767749999999999,0.5774390651085152
0.5465038860103627,0.5407000000000001,0.542688647746244
0.4475142487046633,0.43685000000000007,0.4401218697829717
0.1766450777202072,0.16727499999999998,0.16651252086811344
6.476683937823834e-06,0.0,4.173622704507513e-06
0.0,0.0,0.0
0.0,0.0,0.0
0.0,0.0,0.0
0.0,0.0,0.0
0.0,0.0,0.0
0.0,0.0,0.0
0.0,0.0,0.0
0.0,0.0,0.0
0.0,0.0,0.0
0.0,0.0,0.0
0.0,0.0,0.0
0.0,0.0,0.0
0.011971502590673574,0.014974999999999999,0.01723372287145243
0.3166282383419687,0.3254249999999999,0.32104006677796343
0.5633562176165794,0.562625,0.5627621035058432
0.6204883419689129,0.61785,0.6192278797996673
0.6252797927461138,0.622625,0.6240742904841405
0.6124870466321245,0.6102000000000001,0.6112320534223715
0.5983005181347167,0.596325,0.5972278797996665
0.5875569948186531,0.5842750000000002,0.5859866444073462
0.5526476683937824,0.546825,0.5497921535893154
0.4534455958549222,0.44334999999999997,0.447287979966611
0.1807525906735752,0.17174999999999996,0.17090317195325544
1.5544041450777204e-05,5e-05,7.512520868113523e-06
0.0,0.0,0.0
0.0,0.0,0.0
0.0,0.0,0.0
0.0,0.0,0.0
0.0,0.0,0.0
0.0,0.0,0.0
0.0,0.0,0.0
0.0,0.0,0.0
0.0,0.0,0.0
0.0,0.0,0.0
0.0,0.0,0.0
0.0,0.0,0.0
0.013202072538860106,0.016325,0.018702003338898154
0.31112694300518084,0.3178500000000001,0.3154999999999998
0.548119170984456,0.54485,0.5471277128547575
0.6018717616580312,0.5962249999999999,0.5994991652754597
0.6065971502590672,0.6007499999999999,0.6040442404006676
0.5941696891191716,0.58815,0.5913639398998338
0.5800544041450781,0.5744750000000001,0.5773497495826375
0.5684158031088089,0.5618000000000001,0.5652128547579301
0.5328523316062179,0.5244249999999999,0.528780467445743
0.43264637305699444,0.42029999999999984,0.4258547579298835
0.1728341968911919,0.16222499999999998,0.16348080133555903
2.072538860103627e-05,5e-05,1.4190317195325544e-05
0.0,0.0,0.0
0.0,0.0,0.0
0.0,0.0,0.0
0.0,0.0,0.0
0.0,0.0,0.0
0.0,0.0,0.0
0.0,0.0,0.0
0.0,0.0,0.0
0.0,0.0,0.0
0.0,0.0,0.0
0.0,0.0,0.0
0.0,0.0,0.0
0.013611398963730563,0.017425000000000003,0.019136060100166944
0.3054041450777209,0.31215,0.30897746243739516
0.5429481865284976,0.5406500000000001,0.5417671118530897
0.6007953367875658,0.5976249999999999,0.5987237061769624
0.6099650259067365,0.6069000000000002,0.608013355592655
0.6004559585492232,0.5970500000000001,0.5984257095158593
0.5877111398963729,0.5849,0.5857404006677805
0.5760272020725391,0.5719,0.5732003338898177
0.5389779792746121,0.5321250000000001,0.5345684474123535
0.43653626943005114,0.42435,0.42857846410684475
0.1778523316062176,0.16670000000000001,0.16789816360600993
4.0155440414507764e-05,0.0001,3.171953255425711e-05
0.0,0.0,0.0
0.0,0.0,0.0
0.0,0.0,0.0
0.0,0.0,0.0
0.0,0.0,0.0
0.0,0.0,0.0
0.0,0.0,0.0
0.0,0.0,0.0
0.0,0.0,0.0
0.0,0.0,0.0
0.0,0.0,0.0
0.0,0.0,0.0
0.015255181347150254,0.01965,0.020994156928213697
0.30981994818652825,0.31704999999999994,0.31362020033389
0.5431955958549225,0.541225,0.5419974958263772
0.5982072538860104,0.595375,0.5961669449081816
0.605751295336788,0.6033750000000001,0.6034365609348905
0.5962810880829018,0.59375,0.593651085141903
0.5845751295336789,0.5823999999999999,0.5819348914858102
0.5733484455958553,0.56965,0.5698747913188641
0.5377810880829019,0.5320500000000001,0.5329015025041742
0.4398562176165799,0.42940000000000006,0.4317863105175292
0.18481865284974097,0.17482500000000004,0.17451752921535904
8.937823834196892e-05,0.00015000000000000001,7.345575959933224e-05
0.0,0.0,0.0
0.0,0.0,0.0
0.0,0.0,0.0
0.0,0.0,0.0
0.0,0.0,0.0
0.0,0.0,0.0
0.0,0.0,0.0
0.0,0.0,0.0
0.0,0.0,0.0
0.0,0.0,0.0
0.0,0.0,0.0
0.0,0.0,0.0
0.016806994818652846,0.022575,0.02249499165275459
0.31585621761658017,0.3231,0.31903338898163525
0.5481282383419688,0.546875,0.5465517529215359
0.6045284974093273,0.60085,0.6022554257095154
0.6152046632124355,0.6119499999999999,0.6127378964941572
0.6076217616580312,0.6050250000000001,0.6048163606010019
0.5968665803108812,0.5947999999999999,0.5940759599332224
0.5877344559585496,0.5844250000000002,0.5842387312186987
0.5534417098445596,0.547775,0.5485642737896492
0.4557046632124349,0.4443250000000001,0.44751419031719536
0.19433549222797925,0.184175,0.18367445742904856
0.00013989637305699489,0.00030000000000000003,0.0001419031719532555
0.0,0.0,0.0
0.0,0.0,0.0
0.0,0.0,0.0
0.0,0.0,0.0
0.0,0.0,0.0
0.0,0.0,0.0
0.0,0.0,0.0
0.0,0.0,0.0
0.0,0.0,0.0
0.0,0.0,0.0
0.0,0.0,0.0
0.0,0.0,0.0
0.020111398963730574,0.028175,0.026150250417362273
0.33503367875647655,0.34370000000000006,0.339270450751252
0.575949481865285,0.5759749999999999,0.5751393989983306
0.6312189119170984,0.6305250000000001,0.6297170283806349
0.6385893782383425,0.638025,0.6369365609348902
0.628003886010362,0.6272750000000001,0.6262178631051768
0.6152098445595857,0.614475,0.6135617696160273
0.6043795336787569,0.60245,0.6022270450751261
0.5688756476683948,0.5643,0.5652996661101836
0.47211398963730594,0.4628,0.4653213689482468
0.20576554404145042,0.19625000000000004,0.19497161936560917
0.000205958549222798,0.00042500000000000003,0.00021452420701168628
0.0,0.0,0.0
0.0,0.0,0.0
0.0,0.0,0.0
0.0,0.0,0.0
0.0,0.0,0.0
0.0,0.0,0.0
0.0,0.0,0.0
0.0,0.0,0.0
0.0,0.0,0.0
0.0,0.0,0.0
0.0,0.0,0.0
0.0,0.0,0.0
0.02341968911917098,0.031375,0.029499165275459108
0.3441217616580312,0.35407500000000003,0.34907595993322216
0.5803821243523323,0.5804249999999997,0.5800191986644412
0.631086787564766,0.62985,0.6298823038397323
0.6363264248704661,0.6354499999999998,0.635088480801335
0.6249520725388601,0.6239249999999997,0.6236060100166949
0.61193134715026,0.6111749999999999,0.6106936560934909
0.6003303108808299,0.5981750000000001,0.5985959933222046
0.5646658031088082,0.560475,0.5616218697829711
0.4701450777202064,0.46142500000000003,0.4641752921535895
0.2080259067357513,0.199475,0.19741068447412394
0.0003005181347150261,0.0005000000000000001,0.00031218697829716213
0.0,0.0,0.0
0.0,0.0,0.0
0.0,0.0,0.0
0.0,0.0,0.0
0.0,0.0,0.0
0.0,0.0,0.0
0.0,0.0,0.0
0.0,0.0,0.0
0.0,0.0,0.0
0.0,0.0,0.0
0.0,0.0,0.0
0.0,0.0,0.0
0.025352331606217623,0.033925,0.03144657762938231
0.34150777202072524,0.35192499999999993,0.3463038397328884
0.5713225388601042,0.5711999999999998,0.5707178631051752
0.6201295336787567,0.6187750000000001,0.618410684474123
0.6247992227979272,0.6238000000000001,0.622929048414023
0.6133069948186531,0.612325,0.6112729549248758
0.6003329015544048,0.5992,0.5983196994991659
0.5891917098445598,0.5865,0.5866803005008357
0.5549857512953368,0.5499499999999999,0.551242904841402
0.46349481865284914,0.4535999999999999,0.45715275459098476
0.2068963730569948,0.196475,0.19648247078464098
0.0003575129533678759,0.0005499999999999999,0.0003864774624373959
0.0,0.0,0.0
0.0,0.0,0.0
0.0,0.0,0.0
0.0,0.0,0.0
0.0,0.0,0.0
0.0,0.0,0.0
0.0,0.0,0.0
0.0,0.0,0.0
0.0,0.0,0.0
0.0,0.0,0.0
0.0,0.0,0.0
0.0,0.0,0.0
0.027090673575129523,0.03657500000000001,0.03352003338898164
0.34040155440414505,0.3489000000000001,0.34499332220367274
0.5649455958549224,0.5634499999999999,0.5643113522537565
0.613984455958549,0.6112499999999998,0.6122888146911512
0.6203652849740935,0.618,0.6185175292153603
0.6107823834196899,0.6080749999999999,0.6088080133555948
0.5996049222797933,0.5969,0.5977879799666116
0.5899209844559589,0.58585,0.5876535893155252
0.5568989637305702,0.5506,0.5533096828046734
0.46694818652849657,0.45630000000000004,0.46057011686143545
0.21253886010362674,0.201375,0.20207595993322233
0.0005764248704663216,0.0008500000000000001,0.0006410684474123544
0.0,0.0,0.0
0.0,0.0,0.0
0.0,0.0,0.0
0.0,0.0,0.0
0.0,0.0,0.0
0.0,0.0,0.0
0.0,0.0,0.0
0.0,0.0,0.0
0.0,0.0,0.0
0.0,0.0,0.0
0.0,0.0,0.0
0.0,0.0,0.0
0.02839378238341969,0.03830000000000001,0.03478464106844742
0.34183937823834165,0.3486249999999999,0.3455901502504169
0.5663393782383418,0.5634250000000002,0.5646861435726203
0.6161373056994819,0.6112250000000001,0.6134674457429041
0.622886010362695,0.61805,0.620132721202003
0.6130932642487051,0.6083749999999998,0.6101961602671117
0.6015038860103628,0.5965999999999998,0.5987253756260432
0.5906023316062176,0.5844,0.587326377295493
0.5558212435233163,0.5480250000000001,0.5513656093489152
0.4640932642487051,0.4526749999999999,0.45720951585976644
0.21273316062176176,0.20152500000000004,0.20216861435726194
0.0006593264248704667,0.0009249999999999999,0.0007429048414023378
0.0,0.0,0.0
0.0,0.0,0.0
0.0,0.0,0.0
0.0,0.0,0.0
0.0,0.0,0.0
0.0,0.0,0.0
0.0,0.0,0.0
0.0,0.0,0.0
0.0,0.0,0.0
0.0,0.0,0.0
0.0,0.0,0.0
0.0,0.0,0.0
0.030700777202072534,0.042575,0.03726627712854762
0.34358290155440413,0.3504999999999999,0.3472787979966612
0.5695621761658036,0.5657749999999999,0.5678146911519207
0.6203756476683949,0.6152249999999999,0.6178013355592656
0.6265194300518137,0.6215000000000002,0.6240016694490818
0.6158808290155449,0.6107500000000001,0.613139398998331
0.6037292746113994,0.5985000000000003,0.600984140233724
0.5933639896373055,0.58695,0.5901160267111851
0.5592655440414508,0.550725,0.554726210350584
0.46768782383419677,0.4542,0.46033722871452376
0.21834326424870448,0.20587500000000003,0.207348914858097
0.0008613989637305704,0.0012000000000000001,0.0009782971619365609
0.0,0.0,0.0
0.0,0.0,0.0
0.0,0.0,0.0
0.0,0.0,0.0
0.0,0.0,0.0
0.0,0.0,0.0
0.0,0.0,0.0
0.0,0.0,0.0
0.0,0.0,0.0
0.0,0.0,0.0
0.0,0.0,0.0
0.0,0.0,0.0
0.03282383419689118,0.0465,0.039712854757929905
0.34967227979274634,0.35592500000000005,0.35326878130216965
0.5723031088082904,0.568875,0.5703330550918204
0.6220919689119173,0.617775,0.6193297161936565
0.6278056994818658,0.624225,0.6252462437395664
0.6179779792746113,0.6144250000000002,0.6157061769616029
0.6076994818652859,0.6038999999999999,0.6057771285475794
0.5993989637305692,0.5946,0.5970450751252092
0.5670751295336789,0.5600250000000002,0.5634131886477473
0.4775310880829018,0.466025,0.4711694490818028
0.22670595854922299,0.21527499999999994,0.21605342237061792
0.001037564766839379,0.0013750000000000001,0.0011752921535893148
0.0,0.0,0.0
0.0,0.0,0.0
0.0,0.0,0.0
0.0,0.0,0.0
0.0,0.0,0.0
0.0,0.0,0.0
0.0,0.0,0.0
0.0,0.0,0.0
0.0,0.0,0.0
0.0,0.0,0.0
0.0,0.0,0.0
0.0,0.0,0.0
0.03763082901554405,0.052349999999999994,0.045338063439065136
0.3646230569948189,0.371925,0.3693722871452422
0.5849106217616589,0.58335,0.5845918196994997
0.6328031088082896,0.6306249999999999,0.6316702838063427
0.6378523316062173,0.6356,0.6367554257095149
0.6266049222797931,0.624125,0.6255442404006669
0.6137137305699494,0.6111500000000001,0.6129691151919892
0.6022681347150258,0.5985999999999999,0.6010959933222044
0.5685103626942999,0.5625749999999999,0.5660784641068459
0.47957512953367865,0.46872500000000006,0.47452170283806266
0.22974093264248718,0.21807499999999994,0.2196702838063442
0.001194300518134716,0.0015250000000000003,0.0013372287145242056
0.0,0.0,0.0
0.0,0.0,0.0
0.0,0.0,0.0
0.0,0.0,0.0
0.0,0.0,0.0
0.0,0.0,0.0
0.0,0.0,0.0
0.0,0.0,0.0
0.0,0.0,0.0
0.0,0.0,0.0
0.0,0.0,0.0
0.0,0.0,0.0
0.039740932642487035,0.05505,0.04793906510851418
0.3651813471502594,0.37127500000000013,0.3703313856427384
0.5790310880829012,0.5757999999999999,0.5792554257095155
0.6253717616580313,0.6210749999999998,0.6248689482470784
0.6298782383419692,0.625225,0.6294215358931547
0.6185453367875652,0.6134499999999999,0.6178597662771299
0.6065582901554403,0.6012500000000001,0.6058230383973292
0.5960272020725386,0.5893999999999999,0.5946969949916535
0.5627215025906738,0.5539,0.5601193656093485
0.4754715025906732,0.46244999999999986,0.47024207011686114
0.23074481865284976,0.217375,0.22086894824707823
0.0014702072538860104,0.0018250000000000002,0.001599332220367276
0.0,0.0,0.0
0.0,0.0,0.0
0.0,0.0,0.0
0.0,0.0,0.0
0.0,0.0,0.0
0.0,0.0,0.0
0.0,0.0,0.0
0.0,0.0,0.0
0.0,0.0,0.0
0.0,0.0,0.0
0.0,0.0,0.0
0.0,0.0,0.0
0.04085751295336788,0.055075000000000006,0.04873455759599333
0.36179533678756476,0.3662750000000001,0.36563105175292165
0.5752875647668395,0.569475,0.5738288814691165
0.6236411917098446,0.6174,0.6217929883138562
0.6299196891191723,0.6239999999999999,0.6284449081803012
0.6195725388601041,0.6137750000000001,0.6181460767946585
0.6080375647668395,0.60285,0.6067228714524215
0.5978056994818645,0.5916750000000002,0.5957804674457425
0.5640492227979278,0.555475,0.5604424040066774
0.47485103626942937,0.46195000000000014,0.46843656093489044
0.23086528497409342,0.2171,0.22032888146911525
0.0016904145077720212,0.001975,0.0018046744574290465
0.0,0.0,0.0
0.0,0.0,0.0
0.0,0.0,0.0
0.0,0.0,0.0
0.0,0.0,0.0
0.0,0.0,0.0
0.0,0.0,0.0
0.0,0.0,0.0
0.0,0.0,0.0
0.0,0.0,0.0
0.0,0.0,0.0
0.0,0.0,0.0
0.04274481865284977,0.05634999999999999,0.050337228714524174
0.36220725388601016,0.366375,0.36597996661101867
0.5714494818652851,0.5656250000000002,0.570414023372288
0.6186321243523323,0.61155,0.6170141903171958
0.6255673575129537,0.6207499999999999,0.6236861435726214
0.6173277202072536,0.6134499999999999,0.6150968280467448
0.608347150259067,0.6054249999999999,0.6062679465776288
0.5983704663212429,0.5945000000000001,0.5957570951585986
0.5638212435233159,0.5575000000000002,0.559812186978297
0.4747525906735753,0.4635249999999999,0.4681252086811352
0.23304922279792745,0.2206,0.22221535893155267
0.001876943005181346,0.0022000000000000006,0.001988313856427375
0.0,0.0,0.0
0.0,0.0,0.0
0.0,0.0,0.0
0.0,0.0,0.0
0.0,0.0,0.0
0.0,0.0,0.0
0.0,0.0,0.0
0.0,0.0,0.0
0.0,0.0,0.0
0.0,0.0,0.0
0.0,0.0,0.0
0.0,0.0,0.0
0.04608549222797928,0.060575000000000004,0.05364524207011687
0.36932642487046613,0.37492499999999995,0.37278464106844805
0.5788121761658034,0.575475,0.5771035058430726
0.6272253886010365,0.6235499999999999,0.6247762938230382
0.6343238341968912,0.6309749999999997,0.6319081803005014
0.6255310880829011,0.621625,0.622831385642738
0.615256476683938,0.6109249999999999,0.6127128547579296
0.6050945595854925,0.5988500000000002,0.6019432387312178
0.570595854922279,0.5623249999999999,0.5660651085141908
0.4811813471502595,0.4694,0.4740175292153597
0.23915284974093254,0.22732500000000005,0.2280091819699497
0.002318652849740931,0.0027,0.002404006677796322
0.0,0.0,0.0
0.0,0.0,0.0
0.0,0.0,0.0
0.0,0.0,0.0
0.0,0.0,0.0
0.0,0.0,0.0
0.0,0.0,0.0
0.0,0.0,0.0
0.0,0.0,0.0
0.0,0.0,0.0
0.0,0.0,0.0
0.0,0.0,0.0
0.04907901554404146,0.06310000000000002,0.05671702838063438
0.3819779792746115,0.38875000000000004,0.3857345575959931
0.5839002590673577,0.583325,0.5827662771285474
0.6315751295336782,0.629675,0.629799666110183
0.637727979274612,0.6357250000000001,0.6358464106844731
0.6293886010362696,0.626775,0.6268489148580976
0.6197538860103629,0.617125,0.6169382303839737
0.6106580310880831,0.607325,0.607173622704508
0.5759430051813478,0.5707500000000001,0.5711619365609348
0.4835479274611398,0.4748500000000001,0.4766869782971625
0.23117098445595896,0.22207499999999994,0.22014858096828055
0.0007098445595854927,0.0008500000000000001,0.0007771285475792995
0.0,0.0,0.0
0.0,0.0,0.0
0.0,0.0,0.0
0.0,0.0,0.0
0.0,0.0,0.0
0.0,0.0,0.0
0.0,0.0,0.0
0.0,0.0,0.0
0.0,0.0,0.0
0.0,0.0,0.0
0.0,0.0,0.0
0.0,0.0,0.0
0.0528678756476684,0.067475,0.061031719532554256
0.3892085492227976,0.3957750000000001,0.39304090150250415
0.5861282383419696,0.5852750000000001,0.5852662771285484
0.632045336787564,0.6303250000000001,0.6306853088480802
0.6393808290155425,0.63795,0.6381277128547576
0.6311113989637305,0.6301000000000001,0.6297479131886478
0.6209183937823846,0.6204500000000001,0.619766277128549
0.6113316062176177,0.61005,0.609935726210352
0.5770246113989642,0.5733,0.5744774624373962
0.48571502590673565,0.47802500000000014,0.48079549248747877
0.23465803108808317,0.22642500000000002,0.2244457429048415
0.0007849740932642492,0.0009250000000000001,0.0008572621035058436
0.0,0.0,0.0
0.0,0.0,0.0
0.0,0.0,0.0
0.0,0.0,0.0
0.0,0.0,0.0
0.0,0.0,0.0
0.0,0.0,0.0
0.0,0.0,0.0
0.0,0.0,0.0
0.0,0.0,0.0
0.0,0.0,0.0
0.0,0.0,0.0
0.05852072538860105,0.07440000000000001,0.06684724540901502
0.3989132124352333,0.40725000000000017,0.4030592654424044
0.5951398963730564,0.5974499999999999,0.5942120200333905
0.6418588082901558,0.6435500000000001,0.6400283806343899
0.6496515544041445,0.6505000000000001,0.6477095158597654
0.6411010362694289,0.6414250000000001,0.6392328881469113
0.6305919689119175,0.6311249999999999,0.6290008347245417
0.620062176165803,0.6199,0.6184649415692834
0.5844909326424876,0.5820500000000002,0.5820183639399009
0.4912266839378237,0.48545000000000005,0.48660100166944953
0.238887305699482,0.23127500000000004,0.22893155258764608
0.000914507772020726,0.001075,0.0009816360601001667
0.0,0.0,0.0
0.0,0.0,0.0
0.0,0.0,0.0
0.0,0.0,0.0
0.0,0.0,0.0
0.0,0.0,0.0
0.0,0.0,0.0
0.0,0.0,0.0
0.0,0.0,0.0
0.0,0.0,0.0
0.0,0.0,0.0
0.0,0.0,0.0
0.06269300518134714,0.07985,0.07136143572621036
0.40350777202072513,0.41237500000000005,0.4081786310517534
0.5941049222797934,0.5958749999999998,0.5942671118530883
0.6393069948186526,0.641125,0.6388414023372287
0.6465038860103623,0.6485500000000002,0.6460242070116853
0.6374106217616577,0.6390749999999998,0.6369115191986637
0.6263601036269429,0.6277249999999999,0.626058430717863
0.6165751295336792,0.616475,0.6157971619365618
0.5827979274611399,0.5800250000000001,0.5807036727879793
0.491724093264249,0.48507500000000003,0.48728380634390656
0.24206865284974105,0.23347500000000002,0.2321243739565946
0.001054404145077721,0.0012499999999999998,0.001118530884808012
0.0,0.0,0.0
0.0,0.0,0.0
0.0,0.0,0.0
0.0,0.0,0.0
0.0,0.0,0.0
0.0,0.0,0.0
0.0,0.0,0.0
0.0,0.0,0.0
0.0,0.0,0.0
0.0,0.0,0.0
0.0,0.0,0.0
0.0,0.0,0.0
0.06586658031088083,0.0837,0.07514357262103499
0.405215025906736,0.4135750000000001,0.410069282136895
0.5931256476683948,0.594275,0.5934499165275456
0.6374378238341976,0.6389500000000001,0.6369874791318861
0.6438458549222801,0.6455500000000001,0.6433272120200341
0.6358782383419693,0.636575,0.6352111853088476
0.6269753886010366,0.6266499999999999,0.6264808013355597
0.6182422279792749,0.61635,0.6174465776293825
0.5848316062176162,0.5805250000000002,0.5829524207011686
0.49364119170984455,0.48617499999999997,0.4894515859766272
0.24531735751295344,0.23632499999999998,0.23558931552587706
0.0012189119170984465,0.001425,0.0012729549248747894
0.0,0.0,0.0
0.0,0.0,0.0
0.0,0.0,0.0
0.0,0.0,0.0
0.0,0.0,0.0
0.0,0.0,0.0
0.0,0.0,0.0
0.0,0.0,0.0
0.0,0.0,0.0
0.0,0.0,0.0
0.0,0.0,0.0
0.0,0.0,0.0
0.06982772020725388,0.08787500000000001,0.07938397328881473
0.41255569948186527,0.42015,0.4173464106844734
0.5974274611398962,0.5985499999999999,0.5982762938230389
0.6428316062176158,0.64295,0.6429791318864769
0.6500932642487041,0.6495,0.6502086811352242
0.6415777202072527,0.6407999999999999,0.6415634390651078
0.6320893782383419,0.6314000000000001,0.6320634390651085
0.6232474093264259,0.6219249999999998,0.6227120200333889
0.590536269430052,0.5871500000000001,0.5886218697829727
0.4997266839378241,0.492825,0.49536143572621055
0.25126036269430063,0.24207499999999996,0.24144574290484136
0.0013924870466321248,0.0016250000000000001,0.00143489148580968
0.0,0.0,0.0
0.0,0.0,0.0
0.0,0.0,0.0
0.0,0.0,0.0
0.0,0.0,0.0
0.0,0.0,0.0
0.0,0.0,0.0
0.0,0.0,0.0
0.0,0.0,0.0
0.0,0.0,0.0
0.0,0.0,0.0
0.0,0.0,0.0
0.07593005181347146,0.09405,0.08577712854757927
0.42219948186528444,0.42925,0.42692487479131924
0.6055699481865287,0.6062000000000001,0.6064432387312193
0.648848445595855,0.6489,0.6489699499165285
0.6546593264248697,0.6544,0.654623539232052
0.6453044041450773,0.6450250000000002,0.6451886477462435
0.6357603626943004,0.636375,0.6357470784641066
0.6268873056994816,0.626825,0.626386477462436
0.5937694300518142,0.5916250000000003,0.5919816360601009
0.5023264248704671,0.49634999999999996,0.498023372287145
0.2551878238341971,0.246325,0.2453606010016694
0.0016010362694300509,0.0018000000000000002,0.0016419031719532523
0.0,0.0,0.0
0.0,0.0,0.0
0.0,0.0,0.0
0.0,0.0,0.0
0.0,0.0,0.0
0.0,0.0,0.0
0.0,0.0,0.0
0.0,0.0,0.0
0.0,0.0,0.0
0.0,0.0,0.0
0.0,0.0,0.0
0.0,0.0,0.0
0.08287176165803105,0.09917499999999999,0.09272370617696164
0.42780829015544025,0.43607499999999993,0.432570116861435
0.6073341968911918,0.6091,0.6083839732888154
0.6508031088082896,0.65165,0.6513071786310521
0.6575414507772013,0.6581500000000001,0.657944073455759
0.6490971502590677,0.6499749999999997,0.6493789649415689
0.6398601036269417,0.6409750000000002,0.640168614357261
0.6308018134715019,0.6312500000000001,0.630641903171953
0.5977370466321255,0.5963250000000002,0.5963881469115196
0.506006476683938,0.5006999999999999,0.5022462437395663
0.25898186528497413,0.25025,0.24944657762938283
0.0018212435233160619,0.0020250000000000003,0.001858931552587642
0.0,0.0,0.0
0.0,0.0,0.0
0.0,0.0,0.0
0.0,0.0,0.0
0.0,0.0,0.0
0.0,0.0,0.0
0.0,0.0,0.0
0.0,0.0,0.0
0.0,0.0,0.0
0.0,0.0,0.0
0.0,0.0,0.0
0.0,0.0,0.0
0.08888212435233163,0.1038,0.09913606010016694
0.42910362694300436,0.4384,0.4343639398998329
0.6019624352331606,0.6053249999999999,0.6029515859766283
0.6444391191709843,0.6467500000000002,0.6445542570951576
0.6512616580310879,0.6526,0.651141068447411
0.6422020725388595,0.64295,0.6420409015025045
0.6317979274611395,0.632725,0.631857262103506
0.6216683937823834,0.6214250000000001,0.6213580968280471
0.5881075129533678,0.58585,0.5868472454090158
0.49825129533678764,0.49219999999999986,0.49475041736227054
0.2573717616580313,0.24912499999999996,0.24803005008347292
0.002027202072538857,0.00215,0.002048414023372283
0.0,0.0,0.0
0.0,0.0,0.0
0.0,0.0,0.0
0.0,0.0,0.0
0.0,0.0,0.0
0.0,0.0,0.0
0.0,0.0,0.0
0.0,0.0,0.0
0.0,0.0,0.0
0.0,0.0,0.0
0.0,0.0,0.0
0.0,0.0,0.0
0.09343393782383415,0.10587499999999998,0.10312186978297157
0.42968264248704585,0.43580000000000013,0.43440984974958236
0.6020531088082913,0.60085,0.6023806343906519
0.6458303108808281,0.6440250000000001,0.6451377295492491
0.6522538860103608,0.6501499999999999,0.6514390651085137
0.6421839378238333,0.6396499999999998,0.6413422370617679
0.6307668393782383,0.627925,0.6299983305509188
0.6214028497409333,0.6175499999999999,0.6201277128547581
0.5891152849740937,0.5836499999999999,0.586877295492488
0.4993847150259062,0.49074999999999996,0.4950667779632715
0.2590349740932645,0.24932500000000002,0.24958597662771279
0.0023523316062176126,0.0023499999999999997,0.0023664440734557524
0.0,0.0,0.0
0.0,0.0,0.0
0.0,0.0,0.0
0.0,0.0,0.0
0.0,0.0,0.0
0.0,0.0,0.0
0.0,0.0,0.0
0.0,0.0,0.0
0.0,0.0,0.0
0.0,0.0,0.0
0.0,0.0,0.0
0.0,0.0,0.0
0.09867616580310877,0.10859999999999999,0.10778380634390648
0.43426813471502546,0.43967500000000015,0.4385250417362271
0.6077163212435244,0.606075,0.6079123539232061
0.652354922279792,0.6495749999999999,0.6515050083472448
0.660329015544041,0.6571,0.6590425709515855
0.6517746113989638,0.647875,0.6503063439065108
0.6413691709844557,0.63755,0.6400726210350587
0.6308911917098445,0.626425,0.6292437395659431
0.5961075129533672,0.590375,0.5935509181969943
0.5041930051813474,0.4952500000000001,0.4995008347245404
0.26498316062176147,0.254575,0.2552212020033391
0.0031373056994818604,0.00335,0.0031151919866443997
0.0,0.0,0.0
0.0,0.0,0.0
0.0,0.0,0.0
0.0,0.0,0.0
0.0,0.0,0.0
0.0,0.0,0.0
0.0,0.0,0.0
0.0,0.0,0.0
0.0,0.0,0.0
0.0,0.0,0.0
0.0,0.0,0.0
0.0,0.0,0.0
0.10492746113989634,0.11465,0.11274791318864766
0.4444689119170984,0.44939999999999997,0.4467787979966608
0.6142875647668401,0.6123499999999998,0.6120317195325544
0.6543562176165805,0.6512000000000001,0.6515350584307181
0.6587681347150249,0.655575,0.6563230383973289
0.6488173575129533,0.6454500000000001,0.6465275459098492
0.6391904145077716,0.6354499999999998,0.6369883138564267
0.629751295336788,0.6251249999999999,0.6270692821368951
0.5969430051813477,0.590825,0.5931844741235391
0.5074119170984459,0.49769999999999986,0.5015976627712845
0.2710816062176171,0.25975000000000004,0.2605425709515863
0.003133419689119165,0.003175,0.0030926544240400602
0.0,0.0,0.0
0.0,0.0,0.0
0.0,0.0,0.0
0.0,0.0,0.0
0.0,0.0,0.0
0.0,0.0,0.0
0.0,0.0,0.0
0.0,0.0,0.0
0.0,0.0,0.0
0.0,0.0,0.0
0.0,0.0,0.0
0.0,0.0,0.0
0.11620077720207249,0.12519999999999998,0.12359348914858101
0.45222668393782367,0.45747499999999997,0.4558472454090148
0.6186062176165807,0.6180749999999999,0.6185818030050086
0.6598225388601032,0.657825,0.659435726210349
0.665800518134715,0.6633,0.6654106844741255
0.6577305699481863,0.6553749999999999,0.6573021702838054
0.649086787564766,0.64715,0.6486944908180298
0.640202072538859,0.6375750000000001,0.6393213689482441
0.6077305699481875,0.6034999999999999,0.60565525876461
0.5169145077720199,0.5089499999999998,0.5124232053422372
0.2778380829015542,0.26699999999999996,0.26795659432387314
0.003648963730569942,0.00385,0.0036010016694490716
0.0,0.0,0.0
0.0,0.0,0.0
0.0,0.0,0.0
0.0,0.0,0.0
0.0,0.0,0.0
0.0,0.0,0.0
0.0,0.0,0.0
0.0,0.0,0.0
0.0,0.0,0.0
0.0,0.0,0.0
0.0,0.0,0.0
0.0,0.0,0.0
0.12784196891191713,0.13752499999999998,0.1354632721202002
0.46317487046632144,0.46937500000000004,0.4668055091819704
0.6257318652849745,0.6274,0.6256210350584304
0.6658316062176161,0.667,0.6649432387312191
0.6712888601036272,0.6720499999999999,0.6701502504173639
0.6617797927461145,0.6624000000000001,0.6604757929883125
0.6512396373056978,0.6518499999999999,0.6500809682804668
0.641176165803108,0.6408750000000001,0.6395550918196988
0.6082927461139906,0.6062250000000001,0.6056819699499185
0.5185116580310879,0.5117499999999999,0.5135818030050088
0.2824831606217614,0.27244999999999997,0.272116861435726
0.004176165803108801,0.0046,0.004068447412353914
0.0,0.0,0.0
0.0,0.0,0.0
0.0,0.0,0.0
0.0,0.0,0.0
0.0,0.0,0.0
0.0,0.0,0.0
0.0,0.0,0.0
0.0,0.0,0.0
0.0,0.0,0.0
0.0,0.0,0.0
0.0,0.0,0.0
0.0,0.0,0.0
0.13586398963730567,0.14757499999999998,0.14376711185308844
0.4624080310880833,0.4690999999999998,0.4657086811352256
0.6150284974093267,0.6165750000000001,0.615061769616027
0.6509300518134706,0.6513500000000001,0.6505701168614363
0.6546826424870463,0.65405,0.654416527545908
0.6447435233160618,0.6436749999999998,0.6445317195325535
0.6345556994818649,0.634375,0.6345784641068452
0.6264067357512959,0.626025,0.6259833055091806
0.5971360103626948,0.5951,0.5953672787979964
0.5100919689119172,0.5042,0.5059699499165267
0.2782797927461138,0.2689250000000001,0.268529215358932
0.004369170984455948,0.00465,0.004172787979966604
0.0,0.0,0.0
0.0,0.0,0.0
0.0,0.0,0.0
0.0,0.0,0.0
0.0,0.0,0.0
0.0,0.0,0.0
0.0,0.0,0.0
0.0,0.0,0.0
0.0,0.0,0.0
0.0,0.0,0.0
0.0,0.0,0.0
0.0,0.0,0.0
0.14194948186528492,0.15597500000000003,0.150329716193656
0.4598743523316064,0.46637499999999993,0.46365442404006735
0.6087992227979282,0.6097750000000002,0.6097979966611016
0.6473950777202068,0.6468249999999998,0.6477813021702834
0.6536787564766833,0.6523999999999999,0.6537637729549244
0.6451865284974092,0.64385,0.6451994991652749
0.6359158031088072,0.63475,0.6360475792988309
0.6267409326424878,0.6249749999999998,0.6264373956594325
0.5954067357512964,0.59215,0.5939373956594324
0.5078976683937825,0.5008750000000002,0.5039958263772955
0.27870077720207254,0.26865,0.26911602671118456
0.0048393782383419565,0.004975,0.004628547579298818
0.0,0.0,0.0
0.0,0.0,0.0
0.0,0.0,0.0
0.0,0.0,0.0
0.0,0.0,0.0
0.0,0.0,0.0
0.0,0.0,0.0
0.0,0.0,0.0
0.0,0.0,0.0
0.0,0.0,0.0
0.0,0.0,0.0
0.0,0.0,0.0
0.15047538860103615,0.16614999999999996,0.15812186978297152
0.4638601036269434,0.4706500000000002,0.4666310517529222
0.6140725388601033,0.6157250000000002,0.6128572621035058
0.6545647668393775,0.6547,0.6523055091819702
0.661814766839378,0.6611999999999998,0.6594006677796321
0.653800518134714,0.6527499999999999,0.6514674457429057
0.6445401554404137,0.6437749999999999,0.6424749582637717
0.6339235751295336,0.632825,0.6316135225375632
0.6004417098445607,0.598025,0.597315525876461
0.5103626943005178,0.5039499999999999,0.5053706176961612
0.27997279792746127,0.2699,0.27028631051752944
0.005098445595854913,0.0052250000000000005,0.004930717863105164
0.0,0.0,0.0
0.0,0.0,0.0
0.0,0.0,0.0
0.0,0.0,0.0
0.0,0.0,0.0
0.0,0.0,0.0
0.0,0.0,0.0
0.0,0.0,0.0
0.0,0.0,0.0
0.0,0.0,0.0
0.0,0.0,0.0
0.0,0.0,0.0
0.15857512953367875,0.17317500000000002,0.1657011686143574
0.4701295336787564,0.47440000000000004,0.47292153589315566
0.6184831606217621,0.617175,0.6170166944908184
0.6588147668393779,0.656525,0.6564106844741227
0.6662176165803102,0.6639499999999998,0.6637161936560937
0.6586593264248695,0.65655,0.6562011686143556
0.6501101036269419,0.648375,0.647934056761267
0.6409909326424865,0.6386499999999999,0.6385100166944903
0.6092759067357514,0.6052000000000001,0.6060166944908176
0.5215738341968909,0.5130499999999999,0.5163514190317198
0.29351943005181336,0.2822000000000001,0.28325542570951595
0.006655440414507756,0.006575,0.006343071786310503
0.0,0.0,0.0
0.0,0.0,0.0
0.0,0.0,0.0
0.0,0.0,0.0
0.0,0.0,0.0
0.0,0.0,0.0
0.0,0.0,0.0
0.0,0.0,0.0
0.0,0.0,0.0
0.0,0.0,0.0
0.0,0.0,0.0
0.0,0.0,0.0
0.17707901554404132,0.19085000000000002,0.18365025041736233
0.49744300518134704,0.5023500000000001,0.5002462437395659
0.6460751295336788,0.647375,0.6458155258764597
0.6840181347150265,0.6849,0.6831727879799667
0.6896023316062175,0.6902,0.6885016694490832
0.6811852331606211,0.6817,0.6798964941569291
0.672310880829016,0.6728999999999997,0.6710709515859756
0.6629559585492222,0.6628000000000001,0.6611878130217017
0.630335492227979,0.6281749999999999,0.6275993322203686
0.5401865284974098,0.5338499999999999,0.5350742904841401
0.306690414507772,0.29565,0.29606176961602665
0.007366580310880819,0.0071,0.007059265442403994
0.0,0.0,0.0
0.0,0.0,0.0
0.0,0.0,0.0
0.0,0.0,0.0
0.0,0.0,0.0
0.0,0.0,0.0
0.0,0.0,0.0
0.0,0.0,0.0
0.0,0.0,0.0
0.0,0.0,0.0
0.0,0.0,0.0
0.0,0.0,0.0
0.1866554404145075,0.19880000000000003,0.19375542570951576
0.5006373056994823,0.505425,0.5043480801335567
0.6413782383419689,0.6424999999999998,0.642262938230384
0.6793898963730566,0.679575,0.679535893155258
0.6862422279792756,0.68595,0.6859098497495838
0.6781334196891188,0.6775,0.6775133555926544
0.6689844559585489,0.668475,0.6683956594323869
0.658268134715025,0.6571499999999999,0.6570943238731205
0.6245958549222809,0.6220250000000003,0.6224073455759601
0.5342512953367876,0.527625,0.5296335559265453
0.303717616580311,0.29277500000000006,0.2934766277128544
0.007769430051813466,0.007400000000000001,0.007414858096828032
0.0,0.0,0.0
0.0,0.0,0.0
0.0,0.0,0.0
0.0,0.0,0.0
0.0,0.0,0.0
0.0,0.0,0.0
0.0,0.0,0.0
0.0,0.0,0.0
0.0,0.0,0.0
0.0,0.0,0.0
0.0,0.0,0.0
0.0,0.0,0.0
0.19072279792746105,0.202625,0.19701168614357242
0.4956139896373056,0.5000000000000002,0.4982562604340565
0.6325401554404144,0.6335750000000002,0.6317520868113515
0.6692292746113994,0.6701499999999999,0.6673614357262101
0.6747979274611401,0.6757000000000001,0.6726360601001675
0.6656010362694293,0.6661250000000001,0.6633522537562611
0.6560012953367865,0.6562499999999998,0.6540233722871449
0.6448082901554401,0.6442000000000003,0.6424081803005011
0.6119002590673581,0.6095999999999999,0.608697829716193
0.5247655440414511,0.518025,0.519505843071787
0.30129792746113976,0.2895749999999999,0.29098247078464107
0.00792098445595854,0.007474999999999998,0.0075759599332220285
0.0,0.0,0.0
0.0,0.0,0.0
0.0,0.0,0.0
0.0,0.0,0.0
0.0,0.0,0.0
0.0,0.0,0.0
0.0,0.0,0.0
0.0,0.0,0.0
0.0,0.0,0.0
0.0,0.0,0.0
0.0,0.0,0.0
0.0,0.0,0.0
0.19629015544041456,0.206775,0.20199332220367278
0.4947202072538862,0.49932499999999996,0.4975050083472463
0.6255336787564773,0.6266749999999999,0.6250517529215371
0.6603069948186527,0.6603000000000001,0.6589574290484127
0.6642875647668387,0.6634249999999999,0.6627863105175301
0.6545220207253879,0.6529750000000002,0.6529540901502489
0.6450518134715018,0.6434750000000001,0.6436268781302151
0.6344430051813474,0.6322500000000001,0.6327404006677801
0.6026839378238353,0.59875,0.6002253756260437
0.5177823834196885,0.5101,0.5133622704507512
0.29832512953367907,0.28659999999999997,0.2887470784641068
0.008086787564766829,0.007600000000000001,0.007686143572621025
0.0,0.0,0.0
0.0,0.0,0.0
0.0,0.0,0.0
0.0,0.0,0.0
0.0,0.0,0.0
0.0,0.0,0.0
0.0,0.0,0.0
0.0,0.0,0.0
0.0,0.0,0.0
0.0,0.0,0.0
0.0,0.0,0.0
0.0,0.0,0.0
0.20132383419689104,0.2101,0.20654590984974955
0.49285362694300616,0.49607499999999993,0.49575208681135163
0.6205634715025906,0.6201999999999999,0.6201168614357262
0.6558924870466314,0.653875,0.6546652754590986
0.6604339378238335,0.6575749999999999,0.659172787979967
0.651041450777201,0.6477250000000001,0.6497888146911501
0.6409935233160611,0.637775,0.6401043405676133
0.6296437823834191,0.6260500000000001,0.6286285475792983
0.5967733160621771,0.5921750000000002,0.5952128547579308
0.5107189119170984,0.5024249999999999,0.5069716193656097
0.29346502590673584,0.28195000000000003,0.284398998330551
0.008375647668393773,0.007925000000000001,0.007974123539232037
0.0,0.0,0.0
0.0,0.0,0.0
0.0,0.0,0.0
0.0,0.0,0.0
0.0,0.0,0.0
0.0,0.0,0.0
0.0,0.0,0.0
0.0,0.0,0.0
0.0,0.0,0.0
0.0,0.0,0.0
0.0,0.0,0.0
0.0,0.0,0.0
0.2048134715025903,0.21294999999999997,0.2089056761268781
0.4958782383419688,0.499425,0.4980267111853086
0.6267227979274611,0.6270249999999999,0.6261752921535896
0.6645854922279795,0.6642750000000002,0.6632095158597666
0.670481865284973,0.668825,0.6687813021702834
0.6610259067357511,0.6574499999999999,0.6591577629382294
0.6506113989637305,0.64605,0.6490475792988306
0.6389624352331602,0.6334000000000001,0.6370509181969942
0.6057629533678757,0.5993500000000002,0.603171118530884
0.5189585492227985,0.50915,0.5142729549248752
0.29991191709844545,0.286375,0.2902404006677796
0.009400259067357506,0.0089,0.008949081803005004
0.0,0.0,0.0
0.0,0.0,0.0
0.0,0.0,0.0
0.0,0.0,0.0
0.0,0.0,0.0
0.0,0.0,0.0
0.0,0.0,0.0
0.0,0.0,0.0
0.0,0.0,0.0
0.0,0.0,0.0
0.0,0.0,0.0
0.0,0.0,0.0
0.2141049222797929,0.21945000000000006,0.21704841402337233
0.5019300518134718,0.503525,0.5037913188647755
0.6266178756476689,0.6239750000000001,0.6257863105175292
0.6612240932642482,0.6573500000000002,0.659692821368948
0.6654818652849742,0.6612,0.6638263772954921
0.655727979274611,0.6515749999999999,0.6542696160267105
0.6462137305699476,0.642,0.6451060100166939
0.6348445595854918,0.629625,0.633588480801335
0.6022500000000008,0.5952250000000001,0.6002646076794672
0.517661917098446,0.507525,0.5134232053422368
0.30385233160621783,0.2905000000000001,0.2943989983305508
0.010323834196891176,0.00955,0.009779632721201992
0.0,0.0,0.0
0.0,0.0,0.0
0.0,0.0,0.0
0.0,0.0,0.0
0.0,0.0,0.0
0.0,0.0,0.0
0.0,0.0,0.0
0.0,0.0,0.0
0.0,0.0,0.0
0.0,0.0,0.0
0.0,0.0,0.0
0.0,0.0,0.0
0.22142357512953378,0.22424999999999998,0.22394657762938244
0.5060090673575128,0.5069750000000001,0.5071552587646069
0.6265686528497411,0.62475,0.6252103505843066
0.6608665803108803,0.6586500000000002,0.6594081803005002
0.6665919689119169,0.664025,0.6655383973288831
0.6588277202072538,0.6558749999999999,0.6580859766277122
0.6511917098445594,0.64815,0.6506327212020016
0.6422953367875637,0.6385000000000001,0.6412003338898145
0.6112979274611396,0.6056999999999999,0.6090634390651078
0.5257163212435235,0.5161250000000002,0.5211677796327209
0.30956994818652833,0.29557500000000003,0.2999983305509183
0.011155440414507754,0.0103,0.010580133555926522
0.0,0.0,0.0
0.0,0.0,0.0
0.0,0.0,0.0
0.0,0.0,0.0
0.0,0.0,0.0
0.0,0.0,0.0
0.0,0.0,0.0
0.0,0.0,0.0
0.0,0.0,0.0
0.0,0.0,0.0
0.0,0.0,0.0
0.0,0.0,0.0
0.2279987046632127,0.229175,0.2306026711185313
0.5101800518134719,0.5110750000000002,0.5117145242070112
0.6268562176165812,0.624925,0.6260425709515858
0.6593756476683932,0.6561,0.6584824707846401
0.6641645077720197,0.6597750000000002,0.6635325542570949
0.6558108808290144,0.650525,0.6552604340567615
0.6487538860103612,0.6441499999999998,0.6484023372287143
0.6398613989637303,0.6350500000000002,0.6388714524207002
0.6082629533678757,0.6020750000000001,0.6062203672787992
0.5226735751295334,0.512675,0.5183998330550924
0.3094028497409328,0.2950750000000001,0.3000984974958265
0.011996113989637293,0.01115,0.011413188647746226
0.0,0.0,0.0
0.0,0.0,0.0
0.0,0.0,0.0
0.0,0.0,0.0
0.0,0.0,0.0
0.0,0.0,0.0
0.0,0.0,0.0
0.0,0.0,0.0
0.0,0.0,0.0
0.0,0.0,0.0
0.0,0.0,0.0
0.0,0.0,0.0
0.23568782383419673,0.23642499999999997,0.23910601001669468
0.5172292746113992,0.519525,0.5193639398998336
0.6295129533678755,0.62985,0.6297529215358932
0.661173575129533,0.6613,0.6607053422370597
0.6664909326424868,0.6657,0.6657495826377287
0.659579015544042,0.657025,0.6588472454090155
0.6524170984455951,0.648925,0.6519532554257079
0.6431709844559573,0.6390250000000001,0.6424691151919852
0.6129585492227981,0.6078250000000001,0.6111878130217031
0.5284961139896369,0.5198750000000001,0.5242545909849756
0.31399870466321256,0.30047500000000005,0.3047195325542569
0.012667098445595834,0.011725000000000001,0.012045075125208667
0.0,0.0,0.0
0.0,0.0,0.0
0.0,0.0,0.0
0.0,0.0,0.0
0.0,0.0,0.0
0.0,0.0,0.0
0.0,0.0,0.0
0.0,0.0,0.0
0.0,0.0,0.0
0.0,0.0,0.0
0.0,0.0,0.0
0.0,0.0,0.0
0.2413769430051811,0.24180000000000007,0.24529632721201972
0.5209831606217619,0.524125,0.5230918196994992
0.6344792746113992,0.634625,0.6344766277128548
0.6685246113989641,0.6675749999999998,0.6680717863105171
0.6742033678756469,0.6723500000000001,0.6737938230383965
0.6672137305699478,0.6649,0.6667495826377285
0.6607305699481855,0.6587500000000001,0.6603397328881467
0.6518419689119166,0.6500500000000002,0.6508247078464102
0.6201386010362699,0.6172499999999997,0.6180851419031719
0.5337901554404149,0.5267499999999999,0.5295058430717858
0.31855829015544057,0.30504999999999993,0.3092954924874786
0.013712435233160623,0.012800000000000002,0.013065943238731198
0.0,0.0,0.0
0.0,0.0,0.0
0.0,0.0,0.0
0.0,0.0,0.0
0.0,0.0,0.0
0.0,0.0,0.0
0.0,0.0,0.0
0.0,0.0,0.0
0.0,0.0,0.0
0.0,0.0,0.0
0.0,0.0,0.0
0.0,0.0,0.0
0.2515414507772023,0.2517000000000001,0.25563772954924907
0.5343795336787563,0.5359499999999999,0.5362353923205339
0.6477966321243517,0.6471249999999997,0.6478347245409016
0.6813056994818659,0.6794749999999999,0.6811302170283804
0.6863898963730567,0.6831499999999999,0.6862846410684481
0.6779430051813472,0.674,0.6778981636060092
0.6696101036269425,0.6658249999999997,0.6697829716193665
0.6581826424870456,0.654175,0.6579515859766271
0.6242409326424876,0.6187749999999999,0.622983305509183
0.5366606217616571,0.5273749999999999,0.5330834724540889
0.323231865284974,0.3077500000000001,0.31425375626043417
0.014809585492227965,0.013775,0.014059265442403986
0.0,0.0,0.0
0.0,0.0,0.0
0.0,0.0,0.0
0.0,0.0,0.0
0.0,0.0,0.0
0.0,0.0,0.0
0.0,0.0,0.0
0.0,0.0,0.0
0.0,0.0,0.0
0.0,0.0,0.0
0.0,0.0,0.0
0.0,0.0,0.0
0.2589792746113987,0.25955000000000006,0.2639674457429047
0.5405440414507767,0.5413500000000001,0.5431853088480801
0.6518212435233158,0.6513249999999999,0.6525634390651074
0.6856178756476687,0.684725,0.6857378964941571
0.6918419689119171,0.6903999999999999,0.691686143572621
0.6848393782383424,0.6829749999999999,0.6844599332220359
0.6776955958549219,0.6759999999999998,0.6774307178631057
0.6670764248704649,0.6646500000000001,0.666393155258763
0.6329999999999999,0.6288999999999999,0.6313639398998327
0.5450569948186527,0.5371999999999999,0.5412687813021703
0.3309378238341966,0.315975,0.32200083472454105
0.016067357512953354,0.015075000000000002,0.015239565943238732
0.0,0.0,0.0
0.0,0.0,0.0
0.0,0.0,0.0
0.0,0.0,0.0
0.0,0.0,0.0
0.0,0.0,0.0
0.0,0.0,0.0
0.0,0.0,0.0
0.0,0.0,0.0
0.0,0.0,0.0
0.0,0.0,0.0
0.0,0.0,0.0
0.26672538860103634,0.268375,0.2717028380634391
0.528384715025907,0.5290000000000001,0.5318288814691146
0.636717616580311,0.635775,0.6380308848080132
0.6733860103626945,0.6722999999999999,0.673879799666109
0.6833082901554396,0.6813999999999998,0.6832353923205338
0.67766450777202,0.675075,0.6773180300500831
0.6697694300518134,0.6668000000000001,0.6694532554257097
0.6569494818652851,0.6531499999999999,0.656229549248746
0.6189274611398969,0.6132500000000001,0.6170267111853092
0.5268510362694294,0.5170250000000001,0.5232253756260434
0.3068432642487046,0.28945000000000004,0.29886644407345614
0.011963730569948176,0.011125,0.011484140233722856
0.0,0.0,0.0
0.0,0.0,0.0
0.0,0.0,0.0
0.0,0.0,0.0
0.0,0.0,0.0
0.0,0.0,0.0
0.0,0.0,0.0
0.0,0.0,0.0
0.0,0.0,0.0
0.0,0.0,0.0
0.0,0.0,0.0
2.202072538860104e-05,0.0,8.347245409015026e-06
0.2664468911917101,0.26849999999999996,0.27095909849749644
0.5240621761658032,0.523325,0.5260050083472462
0.6287655440414509,0.6259750000000002,0.628464106844741
0.6646165803108804,0.6623250000000002,0.6639207011686142
0.6734779792746117,0.6717500000000001,0.6725100166944911
0.6675466321243521,0.6658750000000001,0.6663405676126878
0.659676165803108,0.6579499999999999,0.658397328881468
0.6466347150259064,0.6442999999999999,0.6448305509181965
0.6094028497409323,0.60535,0.6068772954924891
0.51990414507772,0.5108999999999998,0.5159173622704506
0.30377461139896406,0.2864499999999999,0.29595075125208703
0.012234455958549214,0.011225000000000002,0.01179716193656091
0.0,0.0,0.0
0.0,0.0,0.0
0.0,0.0,0.0
0.0,0.0,0.0
0.0,0.0,0.0
0.0,0.0,0.0
0.0,0.0,0.0
0.0,0.0,0.0
0.0,0.0,0.0
0.0,0.0,0.0
0.0,0.0,0.0
0.00011010362694300517,0.0,7.846410684474124e-05
0.27215155440414546,0.27412499999999995,0.27631969949916585
0.5318341968911922,0.532625,0.5328672787979966
0.6355997409326423,0.6343,0.6348138564273776
0.6705958549222796,0.669425,0.6696669449081805
0.6788808290155431,0.6780250000000001,0.6779257095158585
0.6732227979274605,0.6727999999999998,0.6721560934891483
0.6660971502590671,0.6662999999999999,0.6651560934891491
0.654725388601035,0.654175,0.653341402337227
0.6184896373057,0.6161249999999999,0.6161277128547591
0.5280699481865275,0.5207999999999998,0.5240292153589309
0.31049740932642483,0.2955,0.30240818030050104
0.013211139896373058,0.012,0.012710350584307169
0.0,0.0,0.0
0.0,0.0,0.0
0.0,0.0,0.0
0.0,0.0,0.0
0.0,0.0,0.0
0.0,0.0,0.0
0.0,0.0,0.0
0.0,0.0,0.0
0.0,0.0,0.0
0.0,0.0,0.0
0.0,0.0,0.0
0.00030958549222797927,0.000975,0.00030133555926544246
0.2736243523316063,0.27717500000000006,0.2790893155258767
0.529981865284974,0.53125,0.5330133555926547
0.632674870466321,0.6333500000000001,0.6337846410684462
0.6675427461139903,0.668525,0.6679465776293825
0.6740168393782386,0.6747500000000001,0.6739549248747915
0.6654287564766841,0.666075,0.665032554257094
0.6556683937823826,0.6561249999999998,0.6553180300500826
0.6428691709844553,0.6423000000000001,0.6422036727879787
0.6058613989637313,0.6033499999999999,0.6043764607679472
0.5159974093264252,0.5086499999999999,0.5128080133555919
0.3029766839378239,0.2876500000000001,0.2955225375626041
0.013738341968911903,0.012400000000000001,0.013279632721201981
0.0,0.0,0.0
0.0,0.0,0.0
0.0,0.0,0.0
0.0,0.0,0.0
0.0,0.0,0.0
0.0,0.0,0.0
0.0,0.0,0.0
0.0,0.0,0.0
0.0,0.0,0.0
0.0,0.0,0.0
0.0,0.0,0.0
0.0007331606217616581,0.00195,0.0009424040066777963
0.2751943005181351,0.2783250000000001,0.2803163606010018
0.5293847150259069,0.5301500000000001,0.5320108514190309
0.6290660621761662,0.628475,0.6304482470784644
0.6640647668393781,0.6628999999999999,0.6651494156928207
0.6721981865284978,0.6695750000000001,0.6730734557595995
0.6671360103626935,0.664,0.6675484140233704
0.6611748704663215,0.6584,0.6613606010016672
0.6495816062176158,0.6463,0.6490450751252079
0.6125259067357524,0.6075250000000001,0.6108030050083465
0.5216955958549218,0.5129,0.5181318864774624
0.30779145077720166,0.29157500000000003,0.3000058430717864
0.014784974093264227,0.013250000000000003,0.014257929883138553
0.0,0.0,0.0
0.0,0.0,0.0
0.0,0.0,0.0
0.0,0.0,0.0
0.0,0.0,0.0
0.0,0.0,0.0
0.0,0.0,0.0
0.0,0.0,0.0
0.0,0.0,0.0
0.0,0.0,0.0
0.0,0.0,0.0
0.0014844559585492226,0.0028250000000000003,0.0018881469115191994
0.2764313471502593,0.27979999999999994,0.2813772954924872
0.526844559585492,0.5272499999999999,0.5280283806343918
0.6251463730569948,0.6246750000000001,0.6244207011686147
0.661408031088083,0.660525,0.660192821368947
0.6709844559585489,0.6697249999999998,0.6694073455759593
0.6655906735751288,0.6638750000000002,0.6639006677796316
0.6583484455958544,0.65645,0.6568948247078458
0.6453588082901547,0.6427999999999999,0.6437161936560923
0.6072953367875653,0.6033,0.6049724540901509
0.5166373056994813,0.5085500000000002,0.5129557595993312
0.30619818652849745,0.29045,0.29872787979966603
0.015288860103626928,0.013825,0.014778797996661085
0.0,0.0,0.0
0.0,0.0,0.0
0.0,0.0,0.0
0.0,0.0,0.0
0.0,0.0,0.0
0.0,0.0,0.0
0.0,0.0,0.0
0.0,0.0,0.0
0.0,0.0,0.0
0.0,0.0,0.0
0.0,0.0,0.0
0.002305699481865285,0.0045000000000000005,0.0030317195325542568
0.28051165803108813,0.28379999999999994,0.28595409015025086
0.5323134715025911,0.5312,0.5346001669449082
0.6282474093264252,0.625375,0.6288347245409017
0.6629715025906736,0.6603249999999998,0.6627921535893161
0.6723199481865273,0.6694,0.6716352253756247
0.6676282383419686,0.664325,0.6666068447412347
0.6613665803108805,0.657675,0.6602954924874789
0.6502810880829013,0.6453749999999999,0.6487003338898147
0.6144404145077732,0.6073749999999999,0.6120559265442409
0.5253626943005183,0.5144,0.5216327212020028
0.3150246113989639,0.297325,0.3077262103505842
0.017727979274611384,0.015900000000000004,0.017086811352253744
0.0,0.0,0.0
0.0,0.0,0.0
0.0,0.0,0.0
0.0,0.0,0.0
0.0,0.0,0.0
0.0,0.0,0.0
0.0,0.0,0.0
0.0,0.0,0.0
0.0,0.0,0.0
0.0,0.0,0.0
0.0,0.0,0.0
0.003239637305699482,0.005775,0.004574290484140233
0.2947823834196891,0.29697499999999993,0.2990742904841404
0.5518393782383425,0.549675,0.5522445742904845
0.6473834196891185,0.6444250000000002,0.6461110183639387
0.6794481865284969,0.67615,0.6777746243739559
0.6869378238341969,0.6835,0.6849565943238746
0.682158031088082,0.6788000000000001,0.6800601001669442
0.6763523316062169,0.6737,0.6744382303839732
0.6643354922279788,0.6613999999999999,0.6621652754590962
0.6278821243523309,0.6230999999999998,0.624979131886477
0.5391683937823837,0.5301750000000001,0.5347554257095154
0.32926036269430065,0.31395,0.32118113522537556
0.020624352331606203,0.01845,0.019775459098497487
0.0,0.0,0.0
0.0,0.0,0.0
0.0,0.0,0.0
0.0,0.0,0.0
0.0,0.0,0.0
0.0,0.0,0.0
0.0,0.0,0.0
0.0,0.0,0.0
0.0,0.0,0.0
0.0,0.0,0.0
0.0,0.0,0.0
0.004965025906735751,0.008325,0.007150250417362271
0.305860103626943,0.309425,0.3109407345575954
0.5619222797927464,0.56155,0.5641944908180312
0.6553756476683937,0.6564250000000001,0.6566035058430707
0.6896424870466327,0.6908,0.6903338898163619
0.6986709844559588,0.6994749999999997,0.6989165275459098
0.6935997409326423,0.6941,0.6936126878130209
0.6869637305699482,0.6874000000000001,0.687026711185309
0.6740945595854912,0.6736499999999999,0.6737946577629373
0.636774611398964,0.6341750000000002,0.6356035058430696
0.5469883419689116,0.5396249999999998,0.5440091819699486
0.335378238341969,0.321125,0.32819198664440713
0.021948186528497404,0.0193,0.021051752921535907
0.0,0.0,0.0
0.0,0.0,0.0
0.0,0.0,0.0
0.0,0.0,0.0
0.0,0.0,0.0
0.0,0.0,0.0
0.0,0.0,0.0
0.0,0.0,0.0
0.0,0.0,0.0
0.0,0.0,0.0
0.0,0.0,0.0
0.00694041450777202,0.010774999999999998,0.00996661101836394
0.3110984455958545,0.31482500000000013,0.3168606010016693
0.5673445595854927,0.56765,0.5702412353923201
0.6585854922279794,0.65835,0.6608597662771294
0.6896269430051816,0.689375,0.6916861435726204
0.696321243523316,0.6954750000000002,0.6979899833055095
0.6898510362694291,0.6884250000000001,0.69112938230384
0.6827072538860106,0.6809749999999999,0.6838464106844726
0.6700738341968914,0.6674,0.6705767946577629
0.633901554404144,0.6293,0.6332629382303835
0.5451463730569949,0.536375,0.5423555926544237
0.3352655440414509,0.32,0.3280751252086811
0.023067357512953364,0.0201,0.022065943238731234
0.0,0.0,0.0
0.0,0.0,0.0
0.0,0.0,0.0
0.0,0.0,0.0
0.0,0.0,0.0
0.0,0.0,0.0
0.0,0.0,0.0
0.0,0.0,0.0
0.0,0.0,0.0
0.0,0.0,0.0
0.0,0.0,0.0
0.00883678756476684,0.011625,0.012474958263772951
0.3096204663212437,0.314775,0.3152061769616032
0.5602448186528504,0.5611499999999999,0.562272954924876
0.6491994818652849,0.6500750000000002,0.6501377295492488
0.6829844559585495,0.6838,0.6832963272120197
0.6921658031088079,0.6920999999999999,0.6918914858096827
0.6868082901554405,0.6859000000000001,0.6861594323873113
0.6799339378238342,0.6786499999999999,0.6791360601001655
0.6674637305699478,0.6650500000000001,0.6661544240400649
0.6301981865284971,0.626075,0.6280976627712849
0.540196891191709,0.531725,0.5365208681135234
0.3318199481865282,0.31732499999999997,0.3245434056761272
0.023624352331606212,0.020675000000000006,0.022651085141903202
0.0,0.0,0.0
0.0,0.0,0.0
0.0,0.0,0.0
0.0,0.0,0.0
0.0,0.0,0.0
0.0,0.0,0.0
0.0,0.0,0.0
0.0,0.0,0.0
0.0,0.0,0.0
0.0,0.0,0.0
0.0,0.0,0.0
0.010579015544041446,0.012974999999999997,0.014654424040066776
0.30896113989637275,0.31182499999999996,0.31418363939899835
0.5554974093264244,0.55435,0.5565692821368944
0.6419857512953361,0.640925,0.642045075125208
0.674268134715025,0.6732499999999997,0.6741761268781292
0.6831787564766845,0.6820000000000002,0.6828071786310518
0.677967616580311,0.6767000000000001,0.6774081803005005
0.6710505181347142,0.6698999999999999,0.6705025041736223
0.6579326424870457,0.6558999999999999,0.6569616026711171
0.6206943005181345,0.6167250000000002,0.618863105175291
0.5321476683937826,0.5239499999999999,0.5287762938230381
0.3285336787564769,0.314075,0.32141736227045065
0.024417098445595843,0.021275000000000006,0.023448247078464126
0.0,0.0,0.0
0.0,0.0,0.0
0.0,0.0,0.0
0.0,0.0,0.0
0.0,0.0,0.0
0.0,0.0,0.0
0.0,0.0,0.0
0.0,0.0,0.0
0.0,0.0,0.0
0.0,0.0,0.0
0.0,0.0,0.0
0.012398963730569949,0.0129,0.0171669449081803
0.30994300518134715,0.31325,0.3154757929883139
0.558695595854922,0.5572250000000001,0.5602687813021696
0.6465932642487051,0.643075,0.6463055091819697
0.676440414507772,0.6732250000000002,0.6754332220367273
0.6815997409326423,0.6786249999999998,0.6803439065108512
0.673937823834196,0.6714749999999999,0.6726402337228706
0.6653354922279792,0.6634000000000001,0.6642963272120193
0.6514676165803093,0.6483,0.6500968280467435
0.6139611398963739,0.6092000000000001,0.6119874791318874
0.526415803108809,0.5172749999999999,0.5231293823038395
0.32586139896373084,0.31044999999999995,0.31929131886477474
0.025176165803108788,0.021550000000000003,0.024170283806343926
0.0,0.0,0.0
0.0,0.0,0.0
0.0,0.0,0.0
0.0,0.0,0.0
0.0,0.0,0.0
0.0,0.0,0.0
0.0,0.0,0.0
0.0,0.0,0.0
0.0,0.0,0.0
0.0,0.0,0.0
0.0,0.0,0.0
0.013835492227979274,0.0142,0.019229549248747913
0.3102046632124352,0.3117,0.3154816360600999
0.5537590673575132,0.55175,0.5547787979966614
0.6396904145077719,0.637325,0.6391176961602675
0.6698911917098442,0.666825,0.6687662771285476
0.6753134715025904,0.6712499999999999,0.6741302170283802
0.6671386010362701,0.662725,0.6663196994991649
0.6585297927461126,0.653875,0.658132721202002
0.6445867875647656,0.6377250000000001,0.6437287145242067
0.6084313471502606,0.599075,0.6069190317195339
0.5240621761658026,0.511725,0.5210208681135226
0.3278782383419686,0.310825,0.32121452420701163
0.026910621761658034,0.022750000000000003,0.02599415692821375
0.0,0.0,0.0
0.0,0.0,0.0
0.0,0.0,0.0
0.0,0.0,0.0
0.0,0.0,0.0
0.0,0.0,0.0
0.0,0.0,0.0
0.0,0.0,0.0
0.0,0.0,0.0
0.0,0.0,0.0
0.0,0.0,0.0
0.015975388601036263,0.0176,0.021712020033388985
0.3161101036269432,0.31684999999999997,0.3209774624373955
0.5577163212435234,0.5552250000000001,0.5580267111853086
0.6419857512953363,0.6391000000000001,0.6405926544240396
0.6704689119170981,0.6678250000000001,0.6687612687813014
0.6750686528497403,0.6719499999999999,0.6733906510851413
0.668493523316062,0.6650499999999999,0.6668672787979955
0.6629831606217608,0.6592499999999999,0.6615275459098483
0.6526943005181339,0.6480749999999998,0.650735392320533
0.6178367875647669,0.61155,0.6150818030050075
0.5313873056994819,0.521225,0.5271126878130219
0.3317474093264252,0.3161750000000001,0.32444407345576004
0.02799870466321243,0.023950000000000006,0.026954090150250444
0.0,0.0,0.0
0.0,0.0,0.0
0.0,0.0,0.0
0.0,0.0,0.0
0.0,0.0,0.0
0.0,0.0,0.0
0.0,0.0,0.0
0.0,0.0,0.0
0.0,0.0,0.0
0.0,0.0,0.0
0.0,0.0,0.0
0.01825388601036269,0.020775,0.024395659432387307
0.3117616580310883,0.31395000000000006,0.3172404006677792
0.5485272020725394,0.5465750000000001,0.5504257095158601
0.6362875647668393,0.6350999999999999,0.636797161936561
0.6714922279792742,0.6709249999999998,0.6713856427378959
0.6815012953367882,0.6800499999999998,0.6810250417362267
0.6769080310880832,0.6744749999999999,0.6762629382303835
0.6706269430051811,0.6676500000000002,0.670089315525877
0.6574300518134715,0.6532999999999999,0.6565843071786298
0.6192279792746122,0.6133749999999999,0.617679465776295
0.529911917098446,0.5201499999999999,0.5267737896494162
0.3292655440414507,0.31382499999999997,0.32271619365609344
0.028926165803108774,0.024725000000000004,0.027843071786310566
0.0,0.0,0.0
0.0,0.0,0.0
0.0,0.0,0.0
0.0,0.0,0.0
0.0,0.0,0.0
0.0,0.0,0.0
0.0,0.0,0.0
0.0,0.0,0.0
0.0,0.0,0.0
0.0,0.0,0.0
0.0,0.0,0.0
0.0202901554404145,0.025275000000000002,0.0267178631051753
0.31341321243523323,0.31395000000000006,0.3189707846410687
0.548821243523316,0.5461750000000001,0.5503714524207013
0.6342357512953364,0.6313000000000001,0.6343756260434057
0.6660582901554404,0.6635000000000001,0.6659791318864773
0.6723393782383428,0.6693250000000001,0.6722262103505832
0.6645362694300505,0.6613249999999999,0.6646285475792975
0.6560634715025899,0.6528750000000002,0.6564524207011663
0.6423510362694299,0.6388,0.6423614357262091
0.6059145077720213,0.6005249999999999,0.6048580968280477
0.5202305699481867,0.5101499999999999,0.5174424040066774
0.3259650259067353,0.3095500000000001,0.3197746243739563
0.029909326424870476,0.024925000000000003,0.0289031719532554
0.0,0.0,0.0
0.0,0.0,0.0
0.0,0.0,0.0
0.0,0.0,0.0
0.0,0.0,0.0
0.0,0.0,0.0
0.0,0.0,0.0
0.0,0.0,0.0
0.0,0.0,0.0
0.0,0.0,0.0
0.0,0.0,0.0
0.022217616580310882,0.029750000000000006,0.02876293823038396
0.31612046632124335,0.31547500000000006,0.32169198664440707
0.5508665803108805,0.5445999999999999,0.5528188647746243
0.6362797927461136,0.630675,0.6367045075125203
0.6687836787564765,0.6647500000000002,0.6687195325542575
0.6748523316062177,0.6713250000000002,0.6747487479131881
0.6665751295336793,0.6629,0.6661110183639388
0.6578380829015538,0.6537749999999999,0.6569949916527534
0.6443665803108797,0.639675,0.6429190317195321
0.6081463730569956,0.6016250000000001,0.6056310517529226
0.5216023316062174,0.5110750000000002,0.5178363939899826
0.3272694300518137,0.3108249999999999,0.32060100166944866
0.03125647668393783,0.026100000000000005,0.030211185308848094
0.0,0.0,0.0
0.0,0.0,0.0
0.0,0.0,0.0
0.0,0.0,0.0
0.0,0.0,0.0
0.0,0.0,0.0
0.0,0.0,0.0
0.0,0.0,0.0
0.0,0.0,0.0
0.0,0.0,0.0
0.0,0.0,0.0
0.02467357512953369,0.034249999999999996,0.03161769616026713
0.3220012953367876,0.32269999999999993,0.3276936560934893
0.5582590673575132,0.555425,0.5600475792988316
0.6430323834196888,0.63785,0.6434474123539222
0.6729468911917098,0.6664749999999998,0.6729908180300488
0.6784689119170985,0.67275,0.6778948247078466
0.6725297927461132,0.6682499999999999,0.671471619365608
0.6670349740932642,0.6637249999999998,0.6657337228714509
0.6547448186528486,0.6510250000000001,0.6529482470784617
0.618444300518134,0.6131249999999999,0.6159407345575956
0.5320880829015547,0.5226,0.5282687813021713
0.33767746113989655,0.32142499999999996,0.3305417362270453
0.03426036269430053,0.02895000000000001,0.03302504173622705
0.0,0.0,0.0
0.0,0.0,0.0
0.0,0.0,0.0
0.0,0.0,0.0
0.0,0.0,0.0
0.0,0.0,0.0
0.0,0.0,0.0
0.0,0.0,0.0
0.0,0.0,0.0
0.0,0.0,0.0
0.0,0.0,0.0
0.027683937823834198,0.038650000000000004,0.03506010016694491
0.3359248704663217,0.33672499999999994,0.341097662771286
0.572093264248705,0.5703500000000001,0.57321285475793
0.6555531088082901,0.6535,0.655493322203672
0.685170984455959,0.6829000000000003,0.6848439065108513
0.6899326424870474,0.6867750000000001,0.6896844741235396
0.6811036269430047,0.6773000000000001,0.6811911519198673
0.6720829015544042,0.6677,0.6726844741235387
0.6594145077720205,0.6546249999999999,0.6597662771285464
0.6250867875647674,0.6189250000000001,0.6242879799666119
0.540884715025906,0.5309000000000001,0.5381101836393989
0.34784585492227993,0.3308000000000001,0.3412595993322206
0.03662823834196891,0.03060000000000001,0.03522621035058429
0.0,0.0,0.0
0.0,0.0,0.0
0.0,0.0,0.0
0.0,0.0,0.0
0.0,0.0,0.0
0.0,0.0,0.0
0.0,0.0,0.0
0.0,0.0,0.0
0.0,0.0,0.0
0.0,0.0,0.0
0.0,0.0,0.0
0.03210362694300517,0.0442,0.03979298831385643
0.34269559585492215,0.34457499999999996,0.34879298831385697
0.57514896373057,0.5741500000000002,0.5773664440734555
0.6578626943005181,0.6575749999999998,0.6588464106844742
0.6888471502590675,0.6888999999999998,0.689070116861435
0.6955919689119173,0.6955249999999998,0.6955392320534218
0.6888575129533676,0.6879749999999999,0.6885467445742905
0.6809572538860097,0.6798249999999999,0.6805409015025028
0.6660816062176156,0.6637250000000001,0.6652387312186969
0.6280349740932638,0.623275,0.6263823038397338
0.5408497409326428,0.5314000000000003,0.5375584307178628
0.34736528497409297,0.33065,0.34054507512520843
0.037428756476683915,0.031275000000000004,0.035941569282136925
0.0,0.0,0.0
0.0,0.0,0.0
0.0,0.0,0.0
0.0,0.0,0.0
0.0,0.0,0.0
0.0,0.0,0.0
0.0,0.0,0.0
0.0,0.0,0.0
0.0,0.0,0.0
0.0,0.0,0.0
0.0,0.0,0.0
0.03455958549222797,0.04615,0.041975792988313894
0.34140803108808304,0.3432500000000001,0.3469465776293827
0.5704727979274612,0.5696749999999999,0.571711185308848
0.6505738341968913,0.64855,0.6505859766277122
0.6779637305699485,0.6754749999999999,0.6779799666110177
0.6815595854922285,0.678975,0.6819106844741214
0.6736658031088075,0.6711750000000001,0.6743372287145234
0.6668341968911903,0.6642,0.6676410684474123
0.6536230569948179,0.6503249999999999,0.6539365609348914
0.617015544041452,0.6117750000000001,0.6163656093489156
0.5316502590673573,0.52235,0.5291435726210343
0.34167616580310883,0.32557499999999995,0.3350976627712849
0.037990932642487055,0.031650000000000005,0.036449916527545964
0.0,0.0,0.0
0.0,0.0,0.0
0.0,0.0,0.0
0.0,0.0,0.0
0.0,0.0,0.0
0.0,0.0,0.0
0.0,0.0,0.0
0.0,0.0,0.0
0.0,0.0,0.0
0.0,0.0,0.0
0.0,0.0,0.0
0.03764637305699482,0.0481,0.044685308848080155
0.3398147668393782,0.34197500000000003,0.34578547579298846
0.5649365284974088,0.5649249999999999,0.5673464106844736
0.6460673575129535,0.64615,0.6473130217028386
0.677918393782383,0.678075,0.6787095158597655
0.6854300518134716,0.684775,0.6858823038397334
0.6789313471502583,0.6773499999999999,0.6791552587646074
0.6713147668393781,0.6692749999999997,0.6715033388981634
0.6577396373056991,0.6545500000000001,0.6573322203672772
0.6202538860103636,0.6148749999999998,0.6189574290484148
0.5334974093264244,0.523975,0.530499999999999
0.34297409326424844,0.32667499999999994,0.336315525876461
0.03948704663212433,0.03307500000000001,0.037984974958263765
0.0,0.0,0.0
0.0,0.0,0.0
0.0,0.0,0.0
0.0,0.0,0.0
0.0,0.0,0.0
0.0,0.0,0.0
0.0,0.0,0.0
0.0,0.0,0.0
0.0,0.0,0.0
0.0,0.0,0.0
0.0,0.0,0.0
0.04033549222797929,0.0501,0.04730050083472457
0.3409417098445592,0.342425,0.34692237061769626
0.5621075129533675,0.5609999999999999,0.5646218697829724
0.6431023316062175,0.6419749999999999,0.6443756260434056
0.6760012953367873,0.6748499999999998,0.6766360601001674
0.6850272020725396,0.6836499999999999,0.6852512520868119
0.6799222797927461,0.6783250000000001,0.6798380634390636
0.6730531088082893,0.671575,0.6729098497495831
0.6587940414507764,0.6564499999999999,0.6583288814691133
0.6204870466321253,0.61635,0.6193205342237075
0.5334274611398963,0.5251000000000001,0.5308171953255436
0.3440816062176161,0.3281500000000001,0.3379799666110188
0.0407305699481865,0.03432500000000001,0.03933889816360601
0.0,0.0,0.0
0.0,0.0,0.0
0.0,0.0,0.0
0.0,0.0,0.0
0.0,0.0,0.0
0.0,0.0,0.0
0.0,0.0,0.0
0.0,0.0,0.0
0.0,0.0,0.0
0.0,0.0,0.0
0.0,0.0,0.0
0.04344041450777202,0.052550000000000006,0.0508330550918198
0.3438950777202071,0.34555,0.3505191986644406
0.5613704663212439,0.5594250000000002,0.5647888146911533
0.6416748704663207,0.639175,0.6438288814691151
0.6741722797927454,0.67205,0.6756176961602666
0.6830103626943007,0.6808749999999999,0.6839173622704509
0.6777461139896375,0.6754249999999998,0.6782779632721199
0.6708847150259066,0.6686499999999999,0.6713105175292143
0.6566955958549219,0.6537999999999999,0.6566469115191979
0.6184352331606237,0.613575,0.6175200333889831
0.5311062176165798,0.5223250000000002,0.5286711185308846
0.342281088082902,0.3267250000000001,0.33619031719532616
0.04153756476683932,0.034425,0.04005926544240403
0.0,0.0,0.0
0.0,0.0,0.0
0.0,0.0,0.0
0.0,0.0,0.0
0.0,0.0,0.0
0.0,0.0,0.0
0.0,0.0,0.0
0.0,0.0,0.0
0.0,0.0,0.0
0.0,0.0,0.0
0.0,0.0,0.0
0.04557383419689124,0.05467500000000001,0.05322954924874797
0.34555958549222787,0.346275,0.3515250417362263
0.563957253886011,0.5618749999999999,0.5659248747913197
0.641349740932642,0.63795,0.6422495826377279
0.6687616580310887,0.6648,0.669486644407346
0.6735595854922275,0.6691249999999999,0.6741527545909831
0.666656735751295,0.6622250000000001,0.6669624373956589
0.6599119170984449,0.65595,0.6601502504173624
0.6474844559585481,0.64285,0.6471911519198641
0.611955958549224,0.6050000000000002,0.6106878130217039
0.5277266839378243,0.5166749999999999,0.5248731218697824
0.3432914507772018,0.3256499999999999,0.33713188647746223
0.04355699481865286,0.036175,0.04202838063439065
0.0,0.0,0.0
0.0,0.0,0.0
0.0,0.0,0.0
0.0,0.0,0.0
0.0,0.0,0.0
0.0,0.0,0.0
0.0,0.0,0.0
0.0,0.0,0.0
0.0,0.0,0.0
0.0,0.0,0.0
0.0,0.0,0.0
0.04785103626943006,0.056674999999999996,0.05553756260434056
0.35029274611399,0.349725,0.3557462437395661
0.5665012953367891,0.5634499999999999,0.5678823038397328
0.6439041450777198,0.640475,0.6440333889816345
0.6724740932642482,0.66935,0.6721569282136896
0.6785556994818654,0.6749999999999999,0.6780100166944912
0.672401554404144,0.6689749999999999,0.6716878130217022
0.6663316062176163,0.66325,0.6655133555926546
0.6538536269430046,0.6500250000000001,0.6525951585976604
0.6183898963730571,0.6126750000000001,0.6163030050083478
0.5352435233160624,0.5254250000000003,0.5317429048414023
0.352190414507772,0.33552499999999996,0.34562020033388957
0.04692357512953372,0.03927500000000001,0.04519949916527551
0.0,0.0,0.0
0.0,0.0,0.0
0.0,0.0,0.0
0.0,0.0,0.0
0.0,0.0,0.0
0.0,0.0,0.0
0.0,0.0,0.0
0.0,0.0,0.0
0.0,0.0,0.0
0.0,0.0,0.0
0.0,0.0,0.0
0.052204663212435234,0.06265,0.0607462437395659
0.3614572538860105,0.36257500000000004,0.36721702838063447
0.5759753886010367,0.5737249999999999,0.5779098497495838
0.6543588082901558,0.6525249999999999,0.654784641068448
0.6845038860103626,0.682675,0.6843873121869773
0.6913471502590678,0.688925,0.6910976627712864
0.6848821243523322,0.6821250000000001,0.6846744574290479
0.677541450777202,0.6748249999999999,0.6775592654424026
0.6638134715025898,0.6602500000000002,0.6635400667779638
0.6266269430051818,0.6210749999999999,0.6256360601001679
0.5414248704663209,0.5317749999999999,0.5389490818030054
0.35685492227979293,0.3404250000000001,0.3510133555926539
0.048419689119170994,0.04024999999999999,0.046712854757929925
0.0,0.0,0.0
0.0,0.0,0.0
0.0,0.0,0.0
0.0,0.0,0.0
0.0,0.0,0.0
0.0,0.0,0.0
0.0,0.0,0.0
0.0,0.0,0.0
0.0,0.0,0.0
0.0,0.0,0.0
0.0,0.0,0.0
0.05571891191709846,0.06732500000000001,0.06430133555926537
0.3611437823834195,0.36334999999999995,0.36737896494156996
0.5691930051813485,0.569825,0.5709599332220372
0.6436515544041449,0.6444750000000001,0.6447737896494161
0.6740647668393781,0.67465,0.6748814691151912
0.6832668393782388,0.6831749999999998,0.6837053422370623
0.679454663212435,0.678575,0.679665275459098
0.6741010362694297,0.67285,0.6742846410684464
0.660869170984456,0.658625,0.6606335559265429
0.6233367875647671,0.6190499999999999,0.6223330550918205
0.5382966321243519,0.5296000000000001,0.5358589315525869
0.35580569948186536,0.3393750000000001,0.3500926544240398
0.04979922279792747,0.0414,0.0480375626043406
0.0,0.0,0.0
0.0,0.0,0.0
0.0,0.0,0.0
0.0,0.0,0.0
0.0,0.0,0.0
0.0,0.0,0.0
0.0,0.0,0.0
0.0,0.0,0.0
0.0,0.0,0.0
0.0,0.0,0.0
0.0,0.0,0.0
0.05824352331606214,0.06989999999999999,0.06673789649415687
0.36066191709844586,0.3621500000000001,0.36675709515859817
0.5634378238341964,0.56175,0.5651193656093476
0.6365582901554402,0.6339749999999997,0.6371018363939898
0.6658782383419684,0.6636,0.6661151919866448
0.673575129533678,0.671225,0.6736310517529193
0.6684404145077714,0.665875,0.6684265442403997
0.6622914507772019,0.6597250000000001,0.6623956594323859
0.6493886010362693,0.6461,0.6492821368948238
0.614011658031089,0.6089249999999998,0.6131811352253767
0.5321139896373055,0.5228499999999999,0.5298213689482459
0.35393782383419675,0.33784999999999993,0.34830467445742896
0.05139637305699477,0.04272499999999999,0.04955425709515867
0.0,0.0,0.0
0.0,0.0,0.0
0.0,0.0,0.0
0.0,0.0,0.0
0.0,0.0,0.0
0.0,0.0,0.0
0.0,0.0,0.0
0.0,0.0,0.0
0.0,0.0,0.0
0.0,0.0,0.0
0.0,0.0,0.0
0.06514119170984461,0.07667500000000001,0.0738038397328881
0.34967746113989656,0.35087500000000005,0.35401752921535923
0.5464455958549224,0.5454000000000001,0.5457721202003328
0.6260803108808283,0.6248249999999997,0.6242595993322201
0.6582525906735748,0.6575000000000001,0.6563363939899812
0.6670116580310878,0.6659249999999999,0.6651627712854749
0.6611645077720205,0.6595749999999997,0.6592896494156917
0.6539727979274601,0.6520999999999999,0.6520659432387312
0.6383341968911918,0.63555,0.6359031719532542
0.595426165803109,0.59085,0.5918864774624375
0.5068251295336793,0.49840000000000007,0.5020191986644409
0.3179261658031087,0.30249999999999994,0.3108338898163605
0.040229274611398996,0.033375,0.03865609348914863
0.0,0.0,0.0
0.0,0.0,0.0
0.0,0.0,0.0
0.0,0.0,0.0
0.0,0.0,0.0
0.0,0.0,0.0
0.0,0.0,0.0
0.0,0.0,0.0
0.0,0.0,0.0
0.0,0.0,0.0
0.0,0.0,0.0
0.06720466321243529,0.078075,0.07580801335559255
0.3472085492227978,0.349225,0.35169949916527554
0.5410168393782381,0.5415249999999998,0.5407662771285479
0.6200012953367868,0.6194749999999999,0.6184958263772963
0.6540893782383417,0.653175,0.6521193656093489
0.6642227979274614,0.6625500000000002,0.6619858096828032
0.658354922279792,0.6562750000000002,0.6559090150250397
0.6497694300518138,0.6473999999999999,0.6473088480801332
0.6323873056994815,0.62895,0.6293856427378962
0.5879753886010372,0.582875,0.5840258764607692
0.499295336787565,0.49097500000000005,0.4942328881469115
0.3130544041450779,0.29842500000000005,0.30613188647746226
0.040332901554404166,0.033600000000000005,0.038831385642737914
0.0,0.0,0.0
0.0,0.0,0.0
0.0,0.0,0.0
0.0,0.0,0.0
0.0,0.0,0.0
0.0,0.0,0.0
0.0,0.0,0.0
0.0,0.0,0.0
0.0,0.0,0.0
0.0,0.0,0.0
0.0,0.0,0.0
0.06931606217616584,0.078625,0.07813188647746239
0.3438031088082901,0.34520000000000006,0.34861018363939894
0.5328367875647673,0.5322249999999998,0.5338873121869785
0.610870466321244,0.608525,0.6105959933222027
0.6459520725388599,0.6444,0.6449582637729551
0.6569948186528493,0.6548000000000002,0.6554841402337205
0.6516632124352334,0.6489499999999999,0.6498105175292136
0.6435906735751293,0.6408250000000001,0.6416719532554258
0.6263704663212433,0.6228,0.6239482470784646
0.582418393782383,0.577225,0.5790075125208681
0.49514896373056994,0.48707500000000004,0.4905392320534228
0.3116230569948182,0.2974750000000001,0.30482971619365634
0.04128497409326424,0.03452500000000001,0.03978631051752926
0.0,0.0,0.0
0.0,0.0,0.0
0.0,0.0,0.0
0.0,0.0,0.0
0.0,0.0,0.0
0.0,0.0,0.0
0.0,0.0,0.0
0.0,0.0,0.0
0.0,0.0,0.0
0.0,0.0,0.0
0.0,0.0,0.0
0.07189507772020723,0.07957500000000002,0.08095242070116847
0.34212564766839354,0.34345000000000014,0.34675125208681135
0.52890414507772,0.5283999999999998,0.5295801335559267
0.6079740932642499,0.605125,0.6073397328881474
0.6440505181347151,0.6407999999999998,0.6427896494156935
0.656313471502591,0.6523750000000001,0.654580968280468
0.652420984455958,0.6482000000000002,0.6501577629382298
0.6455116580310876,0.6413749999999999,0.6431444073455753
0.6291424870466318,0.624875,0.6263714524207014
0.5856994818652859,0.5800250000000001,0.5820843071786315
0.4975401554404139,0.4882749999999999,0.4928497495826378
0.31242616580310917,0.297175,0.30588564273789703
0.042371761658031075,0.035024999999999994,0.040791318864774606
0.0,0.0,0.0
0.0,0.0,0.0
0.0,0.0,0.0
0.0,0.0,0.0
0.0,0.0,0.0
0.0,0.0,0.0
0.0,0.0,0.0
0.0,0.0,0.0
0.0,0.0,0.0
0.0,0.0,0.0
0.0,0.0,0.0
0.07482124352331607,0.080625,0.08396828046744567
0.3427396373056993,0.34349999999999997,0.34759849749582655
0.5279326424870473,0.5268499999999999,0.5287779632721205
0.606168393782384,0.6034999999999999,0.6058464106844748
0.6411645077720199,0.6384750000000001,0.6403063439065103
0.6519572538860091,0.6493000000000001,0.6507295492487478
0.647242227979275,0.6447749999999999,0.6456193656093474
0.639985751295336,0.63835,0.6382562604340559
0.6235064766839388,0.6204,0.6211260434056778
0.5801450777202068,0.5752499999999999,0.5766444073455763
0.4927590673575131,0.4841500000000001,0.4881669449081802
0.31043652849740944,0.2953,0.3038789649415693
0.04356994818652849,0.0359,0.04190734557595998
0.0,0.0,0.0
0.0,0.0,0.0
0.0,0.0,0.0
0.0,0.0,0.0
0.0,0.0,0.0
0.0,0.0,0.0
0.0,0.0,0.0
0.0,0.0,0.0
0.0,0.0,0.0
0.0,0.0,0.0
0.0,0.0,0.0
0.07745725388601037,0.0816,0.08679131886477465
0.3437474093264244,0.3442,0.34832554257095155
0.5277681347150263,0.5264249999999999,0.5279098497495818
0.6050323834196892,0.602525,0.6036869782971629
0.638079015544041,0.6361999999999999,0.6365584307178622
0.6475790155440396,0.6445999999999998,0.6460475792988304
0.6424352331606216,0.6390500000000002,0.6409198664440732
0.6364443005181352,0.6330250000000001,0.6349841402337231
0.6221865284974094,0.6178499999999999,0.6202762938230387
0.5809196891191721,0.57465,0.5780133555926547
0.49503626943005197,0.48547499999999993,0.490763772954925
0.3133950777202072,0.29795000000000005,0.30692570951585973
0.04556865284974091,0.0378,0.043873121869783024
0.0,0.0,0.0
0.0,0.0,0.0
0.0,0.0,0.0
0.0,0.0,0.0
0.0,0.0,0.0
0.0,0.0,0.0
0.0,0.0,0.0
0.0,0.0,0.0
0.0,0.0,0.0
0.0,0.0,0.0
0.0,0.0,0.0
0.08137953367875657,0.083425,0.09102253756260416
0.34735233160621776,0.34787500000000005,0.35201335559265445
0.529737046632124,0.5283749999999999,0.5308647746243735
0.6082137305699483,0.6057499999999998,0.608183639399
0.6438121761658033,0.6412000000000001,0.6432404006677791
0.6556554404145075,0.6534749999999998,0.6546235392320517
0.6517836787564767,0.6496500000000001,0.6503989983305508
0.6455699481865289,0.643425,0.6440400667779614
0.6310025906735756,0.6278250000000002,0.6289232053422368
0.5891696891191716,0.5839500000000001,0.586058430717864
0.5024909326424861,0.49379999999999996,0.49806427378964946
0.32007772020725367,0.30544999999999994,0.31344824707846425
0.048485751295336804,0.04012500000000001,0.04652587646076796
0.0,0.0,0.0
0.0,0.0,0.0
0.0,0.0,0.0
0.0,0.0,0.0
0.0,0.0,0.0
0.0,0.0,0.0
0.0,0.0,0.0
0.0,0.0,0.0
0.0,0.0,0.0
0.0,0.0,0.0
0.0,0.0,0.0
0.08722020725388598,0.087225,0.09723539232053406
0.35774870466321246,0.3588499999999999,0.3623964941569289
0.5445129533678758,0.544825,0.5452629382303826
0.624134715025907,0.624275,0.6238964941569282
0.6603704663212435,0.6612749999999998,0.6598939899833043
0.6732396373056996,0.673725,0.6724774624373961
0.6703834196891182,0.6697749999999999,0.6692512520868118
0.6642279792746107,0.6627,0.6629490818030028
0.6474119170984446,0.6443500000000001,0.6455868113522524
0.6028199481865292,0.597425,0.5998055091819706
0.5136373056994821,0.504275,0.509317195325542
0.32902979274611405,0.313225,0.32226544240400645
0.051463730569948185,0.04240000000000001,0.04941318864774632
0.0,0.0,0.0
0.0,0.0,0.0
0.0,0.0,0.0
0.0,0.0,0.0
0.0,0.0,0.0
0.0,0.0,0.0
0.0,0.0,0.0
0.0,0.0,0.0
0.0,0.0,0.0
0.0,0.0,0.0
0.0,0.0,0.0
0.0923445595854922,0.09077500000000002,0.10278046744574275
0.3628160621761662,0.36377500000000007,0.3678280467445745
0.5471036269430054,0.5477250000000001,0.5481727879799665
0.6268924870466315,0.6263250000000001,0.6268255425709512
0.6635466321243523,0.6628499999999998,0.6630475792988317
0.6759611398963729,0.6749,0.6750934891485818
0.6720453367875647,0.6705000000000002,0.6708305509181971
0.6649805699481862,0.6634249999999999,0.6636569282136887
0.6474391191709837,0.6448750000000001,0.6455717863105154
0.6024740932642486,0.5982249999999999,0.5994841402337233
0.5135777202072537,0.5051499999999999,0.5091585976627715
0.33019689119170986,0.3157499999999999,0.32329632721202034
0.053042746113989674,0.04375,0.050907345575960064
0.0,0.0,0.0
0.0,0.0,0.0
0.0,0.0,0.0
0.0,0.0,0.0
0.0,0.0,0.0
0.0,0.0,0.0
0.0,0.0,0.0
0.0,0.0,0.0
0.0,0.0,0.0
0.0,0.0,0.0
0.0,0.0,0.0
0.0964650259067357,0.094375,0.10698330550918185
0.364256476683938,0.365,0.3695016694490818
0.5459313471502591,0.5449500000000002,0.5471769616026707
0.621139896373057,0.61825,0.6216402337228716
0.6559935233160608,0.6535,0.6563489148580968
0.6699054404145074,0.6675000000000001,0.6698781302170288
0.6676476683937825,0.66505,0.6672287145242051
0.6617383419689112,0.6591000000000002,0.6610584307178633
0.6451658031088084,0.6418499999999999,0.6435792988313841
0.6000608808290158,0.5951000000000002,0.5970918196995
0.511237046632124,0.50225,0.5068322203672787
0.3294067357512954,0.3139250000000001,0.3226727879799667
0.0536735751295337,0.04404999999999999,0.051628547579298946
0.0,0.0,0.0
0.0,0.0,0.0
0.0,0.0,0.0
0.0,0.0,0.0
0.0,0.0,0.0
0.0,0.0,0.0
0.0,0.0,0.0
0.0,0.0,0.0
0.0,0.0,0.0
0.0,0.0,0.0
0.0,0.0,0.0
0.09730829015544036,0.094675,0.10742237061769595
0.361119170984456,0.36177500000000007,0.3659373956594324
0.5438549222797927,0.5443,0.5441961602671125
0.624373056994818,0.624125,0.6229165275459106
0.6605129533678756,0.6611750000000001,0.6585550918196988
0.6716386010362684,0.6713500000000001,0.6695283806343899
0.6672603626942997,0.66585,0.6651143572621033
0.6602940414507761,0.6584749999999999,0.6582646076794643
0.6433316062176168,0.6404000000000002,0.6408681135225378
0.5985272020725392,0.5935250000000001,0.5951402337228717
0.5095621761658037,0.5008999999999999,0.5052028380634395
0.3272603626943009,0.312375,0.3209373956594327
0.05440932642487038,0.044925,0.05229966611018377
0.0,0.0,0.0
0.0,0.0,0.0
0.0,0.0,0.0
0.0,0.0,0.0
0.0,0.0,0.0
0.0,0.0,0.0
0.0,0.0,0.0
0.0,0.0,0.0
0.0,0.0,0.0
0.0,0.0,0.0
0.0,0.0,0.0
0.09902331606217618,0.09600000000000003,0.10898998330550906
0.3614494818652852,0.36134999999999995,0.36628797996661117
0.5431308290155448,0.5423000000000001,0.5438547579298832
0.6234041450777201,0.6207499999999999,0.622662771285476
0.6610181347150257,0.6583749999999999,0.6599081803005004
0.6739585492227979,0.6711500000000001,0.6725651085141905
0.6701735751295331,0.6669999999999997,0.6686160267111836
0.6631722797927456,0.6596250000000001,0.6615584307178632
0.6457797927461139,0.6411999999999999,0.6436227045075104
0.5999494818652857,0.5940000000000001,0.5966235392320536
0.5101994818652843,0.5011249999999998,0.5056368948247076
0.3281386010362696,0.313,0.3216636060100162
0.056158031088082865,0.046275000000000004,0.05400333889816365
0.0,0.0,0.0
0.0,0.0,0.0
0.0,0.0,0.0
0.0,0.0,0.0
0.0,0.0,0.0
0.0,0.0,0.0
0.0,0.0,0.0
0.0,0.0,0.0
0.0,0.0,0.0
0.0,0.0,0.0
0.0,0.0,0.0
0.10071502590673577,0.09792500000000001,0.1101577629382302
0.3620880829015541,0.3613500000000001,0.36669115191986673
0.5427823834196895,0.5412,0.5434440734557601
0.623215025906735,0.6205999999999999,0.6225325542570946
0.660571243523315,0.6583,0.6595567612687787
0.6723937823834194,0.6700499999999999,0.6712687813021693
0.667187823834197,0.6648000000000001,0.6658831385642735
0.6584702072538853,0.65585,0.6572145242070107
0.6406670984455959,0.6370750000000001,0.6388530884808014
0.596636010362696,0.5913000000000002,0.5936360601001679
0.5092409326424868,0.500275,0.5049974958263779
0.32984585492228025,0.31494999999999995,0.3234565943238735
0.058161917098445565,0.04809999999999999,0.05598747913188648
0.0,0.0,0.0
0.0,0.0,0.0
0.0,0.0,0.0
0.0,0.0,0.0
0.0,0.0,0.0
0.0,0.0,0.0
0.0,0.0,0.0
0.0,0.0,0.0
0.0,0.0,0.0
0.0,0.0,0.0
0.0,0.0,0.0
0.10607642487046631,0.10272500000000002,0.11534056761268777
0.36973445595854937,0.36760000000000004,0.37469616026711194
0.5517202072538863,0.548475,0.5528839732888141
0.6327823834196886,0.6279750000000002,0.632770450751252
0.670400259067357,0.6659749999999998,0.6701602671118535
0.6820841968911923,0.6771499999999999,0.6817479131886476
0.6765505181347143,0.6714999999999998,0.6761293823038397
0.6678471502590672,0.66315,0.6674616026711168
0.6503186528497402,0.6454250000000001,0.6492161936560926
0.6059378238341976,0.5997499999999999,0.6035100166944922
0.518003886010362,0.5082249999999999,0.5141302170283804
0.33791191709844576,0.32245,0.33180383973288846
0.06167227979274607,0.0506,0.05932136894824712
0.0,0.0,0.0
0.0,0.0,0.0
0.0,0.0,0.0
0.0,0.0,0.0
0.0,0.0,0.0
0.0,0.0,0.0
0.0,0.0,0.0
0.0,0.0,0.0
0.0,0.0,0.0
0.0,0.0,0.0
0.0,0.0,0.0
0.1137655440414508,0.11152499999999999,0.12283138564273781
0.38018652849740897,0.38062500000000016,0.38514941569282124
0.5638329015544039,0.5640499999999999,0.5650584307178627
0.644625647668393,0.64375,0.6450350584307174
0.681450777202073,0.6806,0.6817328881469107
0.6926748704663221,0.691175,0.6927429048414029
0.6874727979274611,0.685275,0.6872520868113521
0.679316062176166,0.6764749999999999,0.678974958263772
0.6620673575129526,0.65805,0.6611944908180294
0.6165790155440416,0.610575,0.6147053422370631
0.5265207253886006,0.5171250000000001,0.5233781302170278
0.34402202072538896,0.328575,0.338524207011686
0.06365544041450785,0.05199999999999999,0.06134974958263768
0.0,0.0,0.0
0.0,0.0,0.0
0.0,0.0,0.0
0.0,0.0,0.0
0.0,0.0,0.0
0.0,0.0,0.0
0.0,0.0,0.0
0.0,0.0,0.0
0.0,0.0,0.0
0.0,0.0,0.0
0.0,0.0,0.0
0.11643782383419678,0.11587500000000002,0.12553338898163596
0.3779261658031084,0.37697499999999995,0.3834098497495826
0.5558380829015543,0.5545500000000001,0.557882303839734
0.6335025906735743,0.6304500000000003,0.6346352253756252
0.6692318652849739,0.6661249999999999,0.6700984974958257
0.6805932642487058,0.6770999999999999,0.6811018363939907
0.6761191709844553,0.6719999999999999,0.6762821368948252
0.6686463730569945,0.6643999999999999,0.668596828046744
0.6510272020725383,0.6459749999999999,0.650349749582636
0.6056891191709856,0.5988749999999999,0.6038130217028402
0.5171787564766831,0.50695,0.5139674457429043
0.3385803108808294,0.32327500000000003,0.3331352253756266
0.064089378238342,0.052649999999999995,0.06195075125208676
0.0,0.0,0.0
0.0,0.0,0.0
0.0,0.0,0.0
0.0,0.0,0.0
0.0,0.0,0.0
0.0,0.0,0.0
0.0,0.0,0.0
0.0,0.0,0.0
0.0,0.0,0.0
0.0,0.0,0.0
0.0,0.0,0.0
0.11470336787564775,0.11582500000000003,0.1232061769616027
0.37135362694300483,0.369925,0.376400667779633
0.5455388601036266,0.54335,0.5469148580968292
0.6232668393782385,0.6197750000000001,0.6235283806343915
0.6605569948186532,0.657425,0.660313021702837
0.6741295336787563,0.6707000000000002,0.673427378964941
0.6720284974093264,0.6681250000000001,0.670940734557595
0.6668082901554393,0.662875,0.6655742904841391
0.6509572538860096,0.6462749999999999,0.6490876460767945
0.6062487046632127,0.5998000000000001,0.6034499165275471
0.518076424870466,0.5081749999999998,0.5141252086811339
0.34042616580310897,0.32525000000000004,0.3343238731218701
0.06640155440414504,0.05455,0.06387896494156921
0.0,0.0,0.0
0.0,0.0,0.0
0.0,0.0,0.0
0.0,0.0,0.0
0.0,0.0,0.0
0.0,0.0,0.0
0.0,0.0,0.0
0.0,0.0,0.0
0.0,0.0,0.0
0.0,0.0,0.0
0.0,0.0,0.0
0.11962305699481857,0.12302500000000002,0.12800751252086798
0.37819041450777235,0.37815,0.3835191986644412
0.5532279792746115,0.553075,0.5550425709515854
0.6317305699481867,0.6308,0.6324106844741237
0.6684261658031088,0.6677500000000001,0.6687111853088474
0.680185233160621,0.6788500000000002,0.6801360601001671
0.6756968911917101,0.6733750000000003,0.6754373956594326
0.6680168393782381,0.6653749999999999,0.6677337228714525
0.6507435233160616,0.646925,0.6499574290484127
0.6064300518134728,0.60075,0.6046477462437412
0.5193665803108802,0.5102500000000001,0.5163222036727881
0.3431748704663212,0.32797500000000007,0.33776460767946637
0.06840025906735758,0.05622499999999999,0.06575792988313853
0.0,0.0,0.0
0.0,0.0,0.0
0.0,0.0,0.0
0.0,0.0,0.0
0.0,0.0,0.0
0.0,0.0,0.0
0.0,0.0,0.0
0.0,0.0,0.0
0.0,0.0,0.0
0.0,0.0,0.0
0.0,0.0,0.0
0.1217163212435233,0.12614999999999998,0.1300993322203673
0.3792487046632122,0.37927500000000003,0.3844741235392321
0.5517772020725387,0.551375,0.5534849749582635
0.628046632124352,0.6273500000000001,0.6285283806343895
0.6641696891191707,0.6645,0.6643105175292149
0.6767759067357513,0.6769000000000001,0.6768021702838064
0.6733406735751295,0.672925,0.6732787979966605
0.6664961139896374,0.6657,0.6664449081802996
0.6494287564766836,0.6473749999999999,0.6488130217028387
0.6049352331606225,0.6008500000000001,0.6032487479131908
0.5184611398963731,0.5106499999999998,0.5153505843071776
0.34441062176165854,0.3305499999999999,0.33883555926544284
0.07068134715025907,0.05844999999999999,0.06797412353923196
0.0,0.0,0.0
0.0,0.0,0.0
0.0,0.0,0.0
0.0,0.0,0.0
0.0,0.0,0.0
0.0,0.0,0.0
0.0,0.0,0.0
0.0,0.0,0.0
0.0,0.0,0.0
0.0,0.0,0.0
0.0,0.0,0.0
0.1238380829015543,0.1288,0.1320116861435726
0.3801748704663214,0.380175,0.3850792988313857
0.5518095854922279,0.5517749999999997,0.5530826377295481
0.6280997409326424,0.6265750000000001,0.6286410684474131
0.66381347150259,0.6622250000000001,0.6643380634390653
0.6755077720207247,0.6730749999999999,0.6757161936560935
0.671234455958549,0.6685500000000001,0.6710333889816359
0.6636049222797924,0.6608,0.66322287145242
0.6467046632124344,0.6431499999999998,0.645706176961602
0.6033575129533686,0.597875,0.6011928213689487
0.5177668393782388,0.5092000000000001,0.514313856427379
0.34497668393782427,0.33104999999999996,0.33892654424040064
0.072110103626943,0.060224999999999994,0.06923205342237052
0.0,0.0,0.0
0.0,0.0,0.0
0.0,0.0,0.0
0.0,0.0,0.0
0.0,0.0,0.0
0.0,0.0,0.0
0.0,0.0,0.0
0.0,0.0,0.0
0.0,0.0,0.0
0.0,0.0,0.0
0.0,0.0,0.0
0.1243108808290155,0.13057500000000002,0.13233973288814677
0.3802590673575132,0.37992499999999996,0.38494657762938295
0.5531761658031095,0.5525249999999999,0.5541928213689475
0.6311774611398957,0.6296749999999998,0.6310342237061779
0.6678160621761657,0.6661499999999998,0.6672712854757926
0.6793911917098441,0.6772249999999997,0.6786176961602669
0.6747953367875645,0.671975,0.6737921535893158
0.6672059585492222,0.6640249999999999,0.6661652754590979
0.6504585492227974,0.646425,0.6489657762938214
0.6071152849740937,0.6015749999999999,0.6045467445742919
0.5210971502590672,0.5123750000000001,0.517282136894824
0.34812435233160677,0.333525,0.3419140233722868
0.07424093264248703,0.06192500000000001,0.07135559265442387
0.0,0.0,0.0
0.0,0.0,0.0
0.0,0.0,0.0
0.0,0.0,0.0
0.0,0.0,0.0
0.0,0.0,0.0
0.0,0.0,0.0
0.0,0.0,0.0
0.0,0.0,0.0
0.0,0.0,0.0
0.0,0.0,0.0
0.12850777202072527,0.1354,0.1366018363939899
0.38465284974093267,0.38405000000000006,0.3897813021702842
0.5585971502590671,0.5577,0.5600442404006674
0.6375751295336785,0.63615,0.6377579298831383
0.6745777202072539,0.6732,0.6744156928213689
0.6862098445595849,0.6845000000000001,0.6857086811352253
0.6812512953367876,0.6791499999999999,0.6803873121869787
0.6727603626943008,0.6704500000000001,0.6717370617696159
0.6541878238341957,0.6511499999999999,0.6526469115191983
0.608687823834198,0.6039999999999999,0.6060868113522546
0.5214080310880823,0.5135000000000001,0.5176569282136894
0.3485427461139894,0.33477500000000004,0.34259348914858095
0.07534455958549226,0.063125,0.07241986644407339
0.0,0.0,0.0
0.0,0.0,0.0
0.0,0.0,0.0
0.0,0.0,0.0
0.0,0.0,0.0
0.0,0.0,0.0
0.0,0.0,0.0
0.0,0.0,0.0
0.0,0.0,0.0
0.0,0.0,0.0
0.0,0.0,0.0
0.12702590673575126,0.13490000000000002,0.13506427378964944
0.38001554404145044,0.3798749999999999,0.38455258764607725
0.5498380829015537,0.5495500000000001,0.55004590984975
0.6248329015544033,0.62335,0.6236619365609336
0.6586943005181339,0.656725,0.6570342237061753
0.6677500000000004,0.6650750000000001,0.6656686143572614
0.6611852331606206,0.6578250000000001,0.6586243739565923
0.6515997409326424,0.6479000000000001,0.6487646076794648
0.6330647668393783,0.6288750000000001,0.6297979966611011
0.5895103626943005,0.58375,0.5856252086811353
0.506075129533679,0.497075,0.501599332220367
0.33990673575129526,0.325325,0.33381803005008404
0.07532512953367881,0.06300000000000001,0.07245826377295495
0.0,0.0,0.0
0.0,0.0,0.0
0.0,0.0,0.0
0.0,0.0,0.0
0.0,0.0,0.0
0.0,0.0,0.0
0.0,0.0,0.0
0.0,0.0,0.0
0.0,0.0,0.0
0.0,0.0,0.0
0.0,0.0,0.0
0.12588082901554407,0.132925,0.1336494156928213
0.37723575129533676,0.37494999999999995,0.3816928213689484
0.5423691709844565,0.5399499999999999,0.5431151919866438
0.6148432642487048,0.61165,0.6143956594323869
0.6475634715025899,0.6441999999999999,0.6467270450751247
0.656527202072539,0.6523999999999999,0.6552954924874768
0.6512538860103623,0.6466250000000002,0.6496243739565936
0.6439624352331609,0.6390749999999998,0.642083472454089
0.6283497409326428,0.6226750000000001,0.6259407345575951
0.5875816062176173,0.5806000000000001,0.5843672787979968
0.5073510362694303,0.49805,0.5031527545909853
0.34438471502590706,0.33002499999999996,0.33818280467445805
0.07901036269430048,0.066525,0.07607679465776285
0.0,0.0,0.0
0.0,0.0,0.0
0.0,0.0,0.0
0.0,0.0,0.0
0.0,0.0,0.0
0.0,0.0,0.0
0.0,0.0,0.0
0.0,0.0,0.0
0.0,0.0,0.0
0.0,0.0,0.0
0.0,0.0,0.0
0.12884715025906704,0.13575,0.13639315525876444
0.376493523316062,0.37420000000000003,0.3809181969949918
0.5392072538860114,0.537225,0.540143572621035
0.6097772020725395,0.6066750000000001,0.6096702838063444
0.6429572538860099,0.6388750000000002,0.6425500834724523
0.6534326424870456,0.6485,0.6527328881469102
0.649563471502589,0.6437999999999999,0.6485934891485794
0.643253886010362,0.6370499999999999,0.6422879799666088
0.6277227979274617,0.6213249999999999,0.6261060100166953
0.5871139896373069,0.580225,0.5843814691151917
0.5071075129533674,0.497475,0.503123539232053
0.34466450777202073,0.32954999999999995,0.33851252086811356
0.0802629533678756,0.067525,0.07738731218697814
0.0,0.0,0.0
0.0,0.0,0.0
0.0,0.0,0.0
0.0,0.0,0.0
0.0,0.0,0.0
0.0,0.0,0.0
0.0,0.0,0.0
0.0,0.0,0.0
0.0,0.0,0.0
0.0,0.0,0.0
0.0,0.0,0.0
0.1295997409326424,0.136925,0.1369757929883137
0.379129533678756,0.3778250000000001,0.38319782971619404
0.5429248704663218,0.5415500000000001,0.5434015025041746
0.6132370466321252,0.6107750000000001,0.61278631051753
0.6442953367875638,0.6412500000000001,0.643939899833054
0.6515556994818648,0.6471750000000001,0.6513155258764595
0.6449559585492225,0.6395000000000001,0.6445776293823031
0.637501295336787,0.6335000000000001,0.6370141903171944
0.6222655440414514,0.6183500000000001,0.6212237061769628
0.5832344559585488,0.5772749999999998,0.5809599332220375
0.5049533678756469,0.4957000000000001,0.5013480801335567
0.34443393782383436,0.32975000000000004,0.33835642737896565
0.08173316062176163,0.069,0.07867195325542566
0.0,0.0,0.0
0.0,0.0,0.0
0.0,0.0,0.0
0.0,0.0,0.0
0.0,0.0,0.0
0.0,0.0,0.0
0.0,0.0,0.0
0.0,0.0,0.0
0.0,0.0,0.0
0.0,0.0,0.0
0.0,0.0,0.0
0.13072668393782358,0.13799999999999996,0.1382245409015025
0.3796917098445599,0.37875000000000003,0.3838030050083476
0.5435064766839383,0.5432250000000002,0.5443614357262101
0.6157914507772013,0.614425,0.6159974958263764
0.648931347150259,0.6465750000000001,0.6492487479131874
0.6580906735751294,0.6544999999999999,0.6584999999999989
0.6533095854922264,0.6485999999999998,0.6537562604340563
0.6476101036269427,0.6430999999999999,0.6478956594323863
0.6329935233160623,0.628325,0.632500000000001
0.592290155440415,0.58655,0.5904382303839748
0.5111813471502589,0.5019500000000001,0.5078497495826381
0.34790803108808316,0.3333999999999999,0.3419899833055092
0.08361269430051811,0.07085,0.08049081803005002
0.0,0.0,0.0
0.0,0.0,0.0
0.0,0.0,0.0
0.0,0.0,0.0
0.0,0.0,0.0
0.0,0.0,0.0
0.0,0.0,0.0
0.0,0.0,0.0
0.0,0.0,0.0
0.0,0.0,0.0
0.0,0.0,0.0
0.13311528497409314,0.14117500000000002,0.14058013355592638
0.3819028497409322,0.38125,0.38583722871452397
0.5453264248704665,0.5452999999999999,0.545735392320535
0.6175181347150266,0.616525,0.6167871452420709
0.6522992227979274,0.6512999999999998,0.6511402337228707
0.6648743523316052,0.6633000000000001,0.6635091819699486
0.6621165803108807,0.6599999999999999,0.6605584307178631
0.6556230569948185,0.6531249999999998,0.6540801335559254
0.6391217616580308,0.6353,0.6371535893155239
0.5966528497409339,0.5910249999999999,0.593871452420702
0.5139585492227974,0.5050250000000001,0.5102045075125204
0.350093264248705,0.335975,0.3442904841402343
0.0853082901554404,0.07247499999999998,0.08219949916527552
0.0,0.0,0.0
0.0,0.0,0.0
0.0,0.0,0.0
0.0,0.0,0.0
0.0,0.0,0.0
0.0,0.0,0.0
0.0,0.0,0.0
0.0,0.0,0.0
0.0,0.0,0.0
0.0,0.0,0.0
0.0,0.0,0.0
0.13293782383419672,0.141175,0.14071786310517528
0.379259067357513,0.378475,0.3833622704507516
0.5433354922279798,0.5426999999999998,0.5438814691151921
0.6186813471502596,0.6170749999999998,0.6180175292153602
0.6554093264248703,0.6537,0.6542153589315527
0.6680919689119162,0.666075,0.6664949916527547
0.6646709844559581,0.66235,0.6627821368948243
0.6572163212435225,0.6549,0.6551969949916516
0.6397487046632122,0.6364750000000001,0.6373739565943227
0.5959702072538869,0.5910999999999998,0.5928180300500845
0.5122331606217624,0.5039000000000001,0.5081794657762936
0.3481178756476684,0.33437500000000003,0.3423113522537568
0.08518911917098444,0.07235,0.08198247078464098
0.0,0.0,0.0
0.0,0.0,0.0
0.0,0.0,0.0
0.0,0.0,0.0
0.0,0.0,0.0
0.0,0.0,0.0
0.0,0.0,0.0
0.0,0.0,0.0
0.0,0.0,0.0
0.0,0.0,0.0
0.0,0.0,0.0
0.13094300518134713,0.13842500000000002,0.13851419031719533
0.37644559585492243,0.375275,0.3804933222036728
0.5396411917098444,0.5391,0.5397178631051749
0.6122979274611401,0.6106749999999997,0.6109223706176973
0.6460129533678752,0.64335,0.6442337228714523
0.6556113989637299,0.6517249999999999,0.6536919866444063
0.6503316062176159,0.646425,0.6483973288814688
0.6430686528497404,0.6394999999999997,0.6412938230383968
0.6266670984455968,0.622325,0.6245575959933234
0.5847409326424869,0.5784250000000001,0.5818205342237064
0.5037409326424872,0.4938750000000002,0.49991652754590954
0.34384715025906765,0.32852500000000007,0.33802754590984996
0.08611917098445597,0.07257499999999999,0.08286477462437403
0.0,0.0,0.0
0.0,0.0,0.0
0.0,0.0,0.0
0.0,0.0,0.0
0.0,0.0,0.0
0.0,0.0,0.0
0.0,0.0,0.0
0.0,0.0,0.0
0.0,0.0,0.0
0.0,0.0,0.0
0.0,0.0,0.0
0.13033160621761652,0.13740000000000002,0.13792904841402334
0.3720492227979275,0.37060000000000004,0.3763372287145242
0.5325699481865285,0.5319999999999998,0.5333021702838063
0.6044948186528505,0.60375,0.6041477462437406
0.6368626943005186,0.6367500000000004,0.6359624373956585
0.6456813471502579,0.6453249999999999,0.6444098497495818
0.6413652849740932,0.639575,0.6397637729549246
0.6352733160621757,0.6323,0.633530884808014
0.6208419689119175,0.6162750000000001,0.6186702838063443
0.58088860103627,0.5744999999999998,0.5779123539232056
0.5018277202072539,0.4923750000000001,0.4978430717863101
0.34366580310880807,0.32957500000000006,0.3376777963272125
0.08726943005181347,0.0741,0.08393322203672784
0.0,0.0,0.0
0.0,0.0,0.0
0.0,0.0,0.0
0.0,0.0,0.0
0.0,0.0,0.0
0.0,0.0,0.0
0.0,0.0,0.0
0.0,0.0,0.0
0.0,0.0,0.0
0.0,0.0,0.0
0.0,0.0,0.0
0.12559715025906745,0.13245,0.1324916527545909
0.3464702072538855,0.34195000000000003,0.34846494156928254
0.5053963730569947,0.5013000000000001,0.5041494156928217
0.5845492227979272,0.579625,0.5825943238731228
0.6234404145077727,0.6171999999999999,0.6221327212020034
0.6354209844559594,0.6282499999999999,0.634282136894825
0.6302525906735762,0.6225000000000002,0.6288747913188649
0.6207383419689121,0.6128999999999999,0.6191260434056765
0.6015310880829021,0.5931,0.5990859766277138
0.5553056994818654,0.5450999999999999,0.5511544240400669
0.46576036269430054,0.4527,0.4595233722871459
0.30351036269430054,0.28535,0.29643489148580976
0.07231088082901553,0.05919999999999999,0.06978046744574283
0.0,0.0,0.0
0.0,0.0,0.0
0.0,0.0,0.0
0.0,0.0,0.0
0.0,0.0,0.0
0.0,0.0,0.0
0.0,0.0,0.0
0.0,0.0,0.0
0.0,0.0,0.0
0.0,0.0,0.0
0.0,0.0,0.0
0.12885233160621767,0.13559999999999997,0.13568697829716206
0.3491437823834199,0.34452499999999997,0.3505859766277132
0.5067396373056995,0.50265,0.5046677796327217
0.5867707253886011,0.583575,0.5838347245409027
0.6284430051813483,0.6248250000000002,0.6258297161936575
0.6433044041450786,0.639325,0.6407604340567605
0.6406010362694294,0.6360500000000001,0.6380275459098491
0.633071243523316,0.6279999999999999,0.6303956594323881
0.6148082901554409,0.60805,0.6114207011686148
0.5679715025906739,0.5581499999999998,0.5629958263772963
0.4761943005181342,0.4630749999999999,0.46937813021702823
0.3110168393782386,0.29342500000000016,0.3034782971619367
0.07494041450777199,0.061849999999999974,0.0721894824707847
0.0,0.0,1.6694490818030051e-06
0.0,0.0,0.0
0.0,0.0,0.0
0.0,0.0,0.0
0.0,0.0,0.0
0.0,0.0,0.0
0.0,0.0,0.0
0.0,0.0,0.0
0.0,0.0,0.0
0.0,0.0,0.0
0.0,0.0,0.0
0.13253238341968904,0.13974999999999999,0.13975792988313834
0.35246243523316034,0.34897500000000015,0.35471118530884765
0.5109598445595858,0.508275,0.5096903171953252
0.5922564766839391,0.59015,0.5898447412353924
0.6355220207253892,0.6327500000000001,0.6330684474123528
0.6516658031088081,0.6485,0.6490183639398993
0.6493976683937824,0.6455749999999999,0.6466085141903167
0.6414715025906735,0.637375,0.6385709515859762
0.6217396373056998,0.6167499999999999,0.6182061769616033
0.5730388601036271,0.565675,0.5679499165275463
0.47955181347150244,0.46872500000000006,0.4727796327212012
0.3134158031088087,0.29695000000000005,0.30591819699499173
0.0766113989637306,0.06359999999999999,0.07384474123539232
1.2953367875647669e-06,0.0,5.843071786310518e-06
0.0,0.0,0.0
0.0,0.0,0.0
0.0,0.0,0.0
0.0,0.0,0.0
0.0,0.0,0.0
0.0,0.0,0.0
0.0,0.0,0.0
0.0,0.0,0.0
0.0,0.0,0.0
0.0,0.0,0.0
0.13368782383419683,0.140275,0.14095909849749583
0.3529676165803106,0.3489749999999999,0.35525792988313837
0.5090932642487048,0.5055999999999999,0.5081068447412352
0.5892202072538867,0.58615,0.5875350584307194
0.631016839378238,0.62735,0.6296126878130218
0.6458160621761647,0.641425,0.6443188647746229
0.642848445595855,0.6376750000000001,0.6412195325542562
0.634764248704663,0.62935,0.6330818030050086
0.6154417098445601,0.6089,0.6130517529215354
0.5673860103626942,0.5586749999999998,0.5632913188647742
0.47545725388600985,0.4634250000000001,0.4692946577629379
0.3115556994818656,0.2951249999999999,0.30438313856427424
0.0768497409326425,0.06392499999999998,0.07397161936560931
1.2953367875647669e-06,0.0,6.6777963272120206e-06
0.0,0.0,0.0
0.0,0.0,0.0
0.0,0.0,0.0
0.0,0.0,0.0
0.0,0.0,0.0
0.0,0.0,0.0
0.0,0.0,0.0
0.0,0.0,0.0
0.0,0.0,0.0
0.0,0.0,0.0
0.1316774611398963,0.13855000000000003,0.13892320534223707
0.34942098445595837,0.34640000000000004,0.35162353923205336
0.5046360103626942,0.5027,0.5034223706176962
0.5848769430051812,0.58305,0.582617696160268
0.6273873056994821,0.6249499999999997,0.6251627712854763
0.6430284974093272,0.6400500000000001,0.6406519198664438
0.6405686528497407,0.636725,0.6381193656093489
0.6324715025906729,0.6281749999999999,0.6299674457429058
0.6134572538860112,0.608325,0.6104173622704511
0.5657564766839385,0.5585249999999999,0.5612737896494162
0.4741139896373061,0.46327500000000016,0.4679357262103511
0.3109974093264252,0.29522499999999996,0.3038889816360606
0.07757772020725394,0.06477499999999997,0.07479131886477464
3.886010362694301e-06,0.0,1.0851419031719532e-05
0.0,0.0,0.0
0.0,0.0,0.0
0.0,0.0,0.0
0.0,0.0,0.0
0.0,0.0,0.0
0.0,0.0,0.0
0.0,0.0,0.0
0.0,0.0,0.0
0.0,0.0,0.0
0.0,0.0,0.0
0.13136658031088091,0.138375,0.13863772954924872
0.3500155440414507,0.346925,0.3522186978297161
0.5079663212435244,0.50535,0.5068480801335558
0.5894041450777204,0.5871249999999998,0.5873455759599332
0.631961139896373,0.6286499999999999,0.6300701168614358
0.6467720207253888,0.64275,0.644643572621034
0.6430129533678761,0.6380500000000002,0.640749582637729
0.6337499999999998,0.6283249999999998,0.6314081803005007
0.6131217616580311,0.606425,0.6101853088480805
0.5641683937823833,0.5551250000000001,0.5597671118530879
0.471794041450778,0.4595250000000001,0.46568196994991734
0.30934196891191756,0.29272500000000007,0.3023656093489144
0.07809844559585495,0.06502499999999997,0.0752420701168614
6.476683937823834e-06,0.0,1.8363939899833053e-05
0.0,0.0,0.0
0.0,0.0,0.0
0.0,0.0,0.0
0.0,0.0,0.0
0.0,0.0,0.0
0.0,0.0,0.0
0.0,0.0,0.0
0.0,0.0,0.0
0.0,0.0,0.0
0.0,0.0,0.0
0.12795207253886015,0.13480000000000003,0.13516277128547585
0.34553367875647667,0.34272500000000006,0.34784557595993326
0.5039598445595854,0.5015000000000001,0.5027278797996678
0.5865284974093261,0.5837249999999999,0.584210350584308
0.629788860103627,0.6253499999999999,0.6275133555926556
0.6448212435233156,0.639225,0.6425025041736223
0.6417927461139884,0.6359999999999999,0.6394457429048392
0.6336709844559577,0.6278000000000001,0.6312879799666111
0.6129494818652848,0.605875,0.609834724540902
0.5639041450777202,0.554575,0.5591126878130215
0.47187176165803074,0.45957499999999996,0.4652854757929888
0.3106658031088085,0.2937249999999999,0.3032220367278803
0.07999740932642493,0.06682499999999998,0.07706260434056766
1.0362694300518135e-05,0.0,2.0033388981636058e-05
0.0,0.0,0.0
0.0,0.0,0.0
0.0,0.0,0.0
0.0,0.0,0.0
0.0,0.0,0.0
0.0,0.0,0.0
0.0,0.0,0.0
0.0,0.0,0.0
0.0,0.0,0.0
0.0,0.0,0.0
0.12915155440414505,0.13572499999999998,0.13620283806343889
0.3488665803108814,0.34352499999999997,0.35089148580968266
0.5083613989637304,0.5029500000000002,0.5069432387312192
0.590709844559586,0.5852250000000001,0.5884273789649422
0.63315932642487,0.627975,0.6308589315525873
0.6467189119170984,0.6415,0.6441126878130221
0.6415129533678754,0.6355499999999997,0.6387704507512523
0.6309779792746111,0.6242249999999998,0.6281994991652761
0.6103937823834198,0.6020999999999999,0.6068747913188646
0.5625621761658028,0.552125,0.557436560934892
0.4721852331606215,0.45877500000000004,0.4653864774624364
0.31279015544041455,0.2955249999999999,0.3051419031719533
0.08191321243523318,0.06842499999999999,0.07881135225375632
1.5544041450777204e-05,0.0,2.921535893155259e-05
0.0,0.0,0.0
0.0,0.0,0.0
0.0,0.0,0.0
0.0,0.0,0.0
0.0,0.0,0.0
0.0,0.0,0.0
0.0,0.0,0.0
0.0,0.0,0.0
0.0,0.0,0.0
0.0,0.0,0.0
0.12961398963730572,0.13547500000000004,0.1362762938230385
0.3491748704663213,0.3434750000000001,0.3506560934891492
0.5064106217616584,0.5017250000000002,0.5043247078464111
0.5871411917098457,0.5836749999999998,0.5839874791318875
0.6295116580310883,0.6255249999999999,0.6264958263772962
0.6450738341968908,0.6401749999999999,0.6420075125208675
0.6429533678756479,0.6372,0.6399031719532547
0.6353303108808286,0.6289999999999998,0.6322963272120201
0.6163575129533673,0.6086999999999998,0.6127186978297156
0.5688886010362696,0.5590999999999999,0.563742070116862
0.4781735751295329,0.465275,0.4713138564273785
0.31762953367875635,0.3005500000000001,0.31001335559265447
0.08457124352331612,0.07109999999999998,0.08134891485809692
1.8134715025906735e-05,0.0,4.424040066777964e-05
0.0,0.0,0.0
0.0,0.0,0.0
0.0,0.0,0.0
0.0,0.0,0.0
0.0,0.0,0.0
0.0,0.0,0.0
0.0,0.0,0.0
0.0,0.0,0.0
0.0,0.0,0.0
0.0,0.0,0.0
0.13103238341968912,0.13740000000000002,0.13777295492487482
0.3524727979274615,0.34839999999999993,0.3541277128547581
0.5138069948186531,0.50975,0.5118263772954926
0.5973108808290156,0.59355,0.5941043405676133
0.6406165803108812,0.635725,0.6374023372287145
0.6556943005181346,0.650375,0.6522120200333895
0.6524831606217613,0.6467,0.6489682804674447
0.6434935233160616,0.6375499999999998,0.6400141903171943
0.6228678756476683,0.6158499999999999,0.6188547579298828
0.5738769430051816,0.564875,0.5684357262103517
0.4815505181347157,0.46959999999999996,0.47457095158597656
0.3197085492227978,0.30315,0.3120826377295495
0.08550777202072551,0.07174999999999998,0.08234891485809684
2.3316062176165805e-05,0.0,6.0100166944908185e-05
0.0,0.0,0.0
0.0,0.0,0.0
0.0,0.0,0.0
0.0,0.0,0.0
0.0,0.0,0.0
0.0,0.0,0.0
0.0,0.0,0.0
0.0,0.0,0.0
0.0,0.0,0.0
0.0,0.0,0.0
0.13045595854922268,0.1368,0.1371060100166944
0.3506347150259063,0.346525,0.3524048414023369
0.5113575129533681,0.506975,0.5095642737896499
0.5947215025906736,0.5912249999999998,0.5917462437395683
0.6389857512953366,0.6350499999999998,0.6361268781302165
0.6548341968911917,0.6507500000000002,0.6519632721202007
0.651738341968911,0.6471,0.6488672787979962
0.642739637305699,0.6378749999999999,0.6398330550918209
0.6223963730569952,0.616325,0.618933222036729
0.5736580310880833,0.5654,0.5688088480801338
0.48148445595854944,0.4701750000000001,0.47496076794657793
0.31964766839378245,0.3033750000000001,0.3124574290484144
0.08572668393782387,0.07194999999999999,0.08270617696160266
3.626943005181347e-05,0.0,7.595993322203674e-05
0.0,0.0,0.0
0.0,0.0,0.0
0.0,0.0,0.0
0.0,0.0,0.0
0.0,0.0,0.0
0.0,0.0,0.0
0.0,0.0,0.0
0.0,0.0,0.0
0.0,0.0,0.0
0.0,0.0,0.0
0.12965414507772027,0.13595,0.1370292153589316
0.3497499999999998,0.3462000000000002,0.35224874791318955
0.5128484455958544,0.510525,0.5120609348914866
0.5989067357512957,0.5972999999999999,0.5973881469115193
0.6441165803108803,0.6424249999999999,0.6427829716193653
0.6592759067357504,0.6570000000000003,0.6577295492487466
0.6549222797927453,0.6520000000000001,0.653150250417362
0.644678756476684,0.64105,0.6427145242070101
0.6231256476683945,0.6177749999999997,0.6204148580968293
0.5733665803108815,0.5652750000000001,0.5690726210350597
0.4803950777202073,0.46909999999999996,0.47424457429048344
0.31855829015544046,0.3022250000000001,0.31138731218697857
0.085919689119171,0.072325,0.08273873121869797
4.404145077720208e-05,0.0,8.597662771285476e-05
0.0,0.0,0.0
0.0,0.0,0.0
0.0,0.0,0.0
0.0,0.0,0.0
0.0,0.0,0.0
0.0,0.0,0.0
0.0,0.0,0.0
0.0,0.0,0.0
0.0,0.0,0.0
0.0,0.0,0.0
0.12576165803108824,0.13122499999999998,0.13264440734557603
0.34699222797927476,0.342025,0.34905175292153595
0.5123808290155437,0.5088000000000001,0.510982470784641
0.6001761658031093,0.5968749999999998,0.5977337228714538
0.6465984455958541,0.6434250000000002,0.644312186978296
0.6620608808290148,0.6580999999999999,0.6595442404006673
0.6575880829015539,0.6529999999999998,0.6548631051752913
0.6468264248704653,0.6417750000000001,0.6440133555926536
0.6248056994818655,0.6187500000000001,0.6213606010016693
0.5741023316062179,0.5661250000000002,0.5690851419031716
0.4799028497409322,0.46872500000000006,0.4731435726210347
0.317715025906736,0.3015,0.3101285475792991
0.0865466321243524,0.07262499999999997,0.08330717863105185
5.310880829015544e-05,0.0,9.84974958263773e-05
0.0,0.0,0.0
0.0,0.0,0.0
0.0,0.0,0.0
0.0,0.0,0.0
0.0,0.0,0.0
0.0,0.0,0.0
0.0,0.0,0.0
0.0,0.0,0.0
0.0,0.0,0.0
0.0,0.0,0.0
0.12524222797927473,0.13140000000000002,0.13197829716193657
0.3454948186528494,0.34145000000000014,0.3473130217028386
0.5093911917098446,0.5065500000000001,0.5076494156928215
0.5960272020725402,0.5933249999999999,0.5931886477462451
0.6417059585492231,0.6391249999999998,0.6390317195325538
0.6570051813471498,0.6542249999999998,0.6542687813021686
0.6526217616580305,0.649175,0.6498881469115197
0.6420207253886006,0.6385249999999998,0.6393889816360604
0.6203678756476686,0.6155250000000001,0.6171135225375626
0.5704080310880834,0.5632750000000001,0.5656969949916539
0.47771113989637287,0.4674999999999999,0.4713247078464097
0.3174572538860105,0.30230000000000007,0.3103055091819698
0.08761528497409321,0.07397499999999999,0.08445075125208697
6.088082901554405e-05,0.0,0.00012103505843071787
0.0,0.0,0.0
0.0,0.0,0.0
0.0,0.0,0.0
0.0,0.0,0.0
0.0,0.0,0.0
0.0,0.0,0.0
0.0,0.0,0.0
0.0,0.0,0.0
0.0,0.0,0.0
0.0,0.0,0.0
0.12154533678756485,0.1274,0.12804006677796326
0.34056994818652875,0.3363750000000001,0.34207762938230396
0.5022772020725387,0.49910000000000015,0.5002262103505836
0.5863950777202086,0.5831000000000001,0.5829123539232063
0.6298484455958552,0.6264500000000001,0.6265484140233728
0.6435038860103629,0.6391,0.640038397328882
0.6387085492227983,0.6335499999999998,0.6352512520868124
0.628703367875648,0.6235,0.6253430717863103
0.6085479274611403,0.6023249999999999,0.6046452420701173
0.5609935233160627,0.5527,0.5557429048414021
0.4710673575129537,0.46030000000000026,0.4643414023372286
0.3141787564766843,0.29880000000000007,0.30680217028380663
0.08769818652849741,0.07404999999999998,0.08448497495826386
7.253886010362694e-05,0.0,0.0001302170283806344
0.0,0.0,0.0
0.0,0.0,0.0
0.0,0.0,0.0
0.0,0.0,0.0
0.0,0.0,0.0
0.0,0.0,0.0
0.0,0.0,0.0
0.0,0.0,0.0
0.0,0.0,0.0
0.0,0.0,0.0
0.11894689119171005,0.12490000000000001,0.12531886477462448
0.3364119170984459,0.33305,0.3377353923205339
0.49711787564766835,0.49467499999999986,0.49483639398998375
0.5803380829015556,0.5778749999999999,0.5768606010016695
0.6235751295336783,0.6209999999999998,0.6203831385642751
0.6373730569948183,0.6343500000000001,0.634162771285476
0.6326943005181351,0.6289499999999999,0.6295467445742907
0.6227914507772019,0.6186999999999999,0.6196602671118538
0.603615284974093,0.5979500000000001,0.5996936560934889
0.5574119170984458,0.549525,0.5520150250417367
0.46865544041450774,0.45809999999999995,0.4617353923205346
0.3127163212435232,0.2974250000000001,0.30526711185308836
0.0876398963730571,0.07415,0.08436393989983312
8.160621761658029e-05,0.0,0.0001343906510851419
0.0,0.0,0.0
0.0,0.0,0.0
0.0,0.0,0.0
0.0,0.0,0.0
0.0,0.0,0.0
0.0,0.0,0.0
0.0,0.0,0.0
0.0,0.0,0.0
0.0,0.0,0.0
0.0,0.0,0.0
0.1174119170984457,0.123125,0.12374290484140231
0.33495595854922305,0.33059999999999995,0.33653171953255373
0.49737305699481943,0.49322499999999997,0.4953956594323884
0.5828989637305706,0.5786000000000002,0.5797838063439068
0.6282629533678759,0.624325,0.6252737896494154
0.6437784974093265,0.6399249999999999,0.6405075125208691
0.6403082901554402,0.63595,0.6368848080133565
0.631063471502591,0.6264749999999999,0.627550083472454
0.6103445595854929,0.604225,0.606207846410685
0.561854922279793,0.55325,0.5563180300500835
0.4710336787564756,0.45997500000000013,0.46393155258764585
0.3137759067357509,0.2985000000000001,0.3060909849749582
0.08826554404145084,0.07475,0.08485141903171968
8.290155440414508e-05,0.0,0.00014273789649415694
0.0,0.0,0.0
0.0,0.0,0.0
0.0,0.0,0.0
0.0,0.0,0.0
0.0,0.0,0.0
0.0,0.0,0.0
0.0,0.0,0.0
0.0,0.0,0.0
0.0,0.0,0.0
0.0,0.0,0.0
0.11731735751295352,0.12352499999999997,0.1237253756260433
0.3372590673575132,0.33415,0.3388222036727881
0.5028652849740937,0.5008249999999997,0.5007529215358932
0.5905336787564766,0.5890500000000001,0.5872537562604347
0.6371632124352337,0.636825,0.6343814691151914
0.6526036269430049,0.6522250000000003,0.6497061769616033
0.647466321243523,0.6463250000000001,0.6445367278797999
0.6355673575129538,0.6337999999999999,0.6327412353923214
0.6128354922279794,0.6097000000000002,0.6094015025041736
0.563174870466322,0.55705,0.5583355592654424
0.47196891191709844,0.46235000000000015,0.46538564273789634
0.31481994818652864,0.29975000000000007,0.3075926544240403
0.08922409326424878,0.07532499999999999,0.08586727879799665
9.455958549222797e-05,0.0,0.00015442404006677795
0.0,0.0,0.0
0.0,0.0,0.0
0.0,0.0,0.0
0.0,0.0,0.0
0.0,0.0,0.0
0.0,0.0,0.0
0.0,0.0,0.0
0.0,0.0,0.0
0.0,0.0,0.0
0.0,0.0,0.0
0.11615544041450777,0.12259999999999997,0.12276544240400683
0.33386010362694296,0.3304000000000001,0.335742070116862
0.4958873056994823,0.4932,0.49414440734557635
0.5804844559585498,0.5775000000000001,0.5775784641068463
0.6250233160621759,0.6222,0.6224398998330556
0.6396347150259062,0.6366499999999998,0.636892320534224
0.6355168393782386,0.6321499999999999,0.6326018363939906
0.6258588082901557,0.6228749999999998,0.6227721202003339
0.6059248704663212,0.6016,0.6020392320534224
0.5586878238341969,0.5520249999999998,0.5534323873121867
0.46965284974093285,0.45962500000000006,0.4627787979966613
0.3146554404145078,0.2995,0.3071569282136897
0.08991580310880841,0.07609999999999999,0.08648747913188665
0.00011528497409326426,0.0,0.00018280467445742907
0.0,0.0,0.0
0.0,0.0,0.0
0.0,0.0,0.0
0.0,0.0,0.0
0.0,0.0,0.0
0.0,0.0,0.0
0.0,0.0,0.0
0.0,0.0,0.0
0.0,0.0,0.0
0.0,0.0,0.0
0.1160971502590675,0.12234999999999999,0.12275375626043432
0.33436010362694285,0.33054999999999995,0.3362078464106843
0.49806217616580334,0.49479999999999996,0.4962996661101841
0.5843847150259073,0.5807499999999999,0.5814165275459098
0.6305751295336793,0.6269750000000001,0.6278480801335568
0.6466839378238338,0.642425,0.6436886477462442
0.6431541450777202,0.6383000000000001,0.6400943238731233
0.6331580310880829,0.6284000000000001,0.6300968280467454
0.6128095854922281,0.6070750000000001,0.6089816360601003
0.5647499999999999,0.557075,0.5593514190317198
0.47375906735751344,0.46299999999999997,0.4666460767946581
0.3166036269430052,0.301025,0.30899916527545934
0.0907772020725389,0.076825,0.08727045075125218
0.00012435233160621763,0.0,0.0001911519198664441
0.0,0.0,0.0
0.0,0.0,0.0
0.0,0.0,0.0
0.0,0.0,0.0
0.0,0.0,0.0
0.0,0.0,0.0
0.0,0.0,0.0
0.0,0.0,0.0
0.0,0.0,0.0
0.0,0.0,0.0
0.11547279792746121,0.12197499999999999,0.12190400667779644
0.3360906735751294,0.33265000000000006,0.3376477462437392
0.5019727979274617,0.5001999999999998,0.4999207011686152
0.590053108808291,0.5889000000000001,0.5867328881469124
0.6370854922279793,0.6367249999999999,0.6340901502504172
0.6530932642487042,0.6526249999999999,0.6499641068447416
0.6489857512953361,0.6477,0.6458213689482468
0.6383186528497404,0.6362000000000001,0.6351786310517533
0.6165932642487043,0.6129749999999999,0.612811352253756
0.5673717616580316,0.5613,0.5621160267111845
0.4763005181347146,0.46635,0.46929883138564343
0.3196386010362695,0.30450000000000005,0.3119791318864772
0.09273834196891201,0.07869999999999999,0.08915191986644411
0.0001295336787564767,0.0,0.00020784641068447414
0.0,0.0,0.0
0.0,0.0,0.0
0.0,0.0,0.0
0.0,0.0,0.0
0.0,0.0,0.0
0.0,0.0,0.0
0.0,0.0,0.0
0.0,0.0,0.0
0.0,0.0,0.0
0.0,0.0,0.0
0.11508031088082901,0.12119999999999997,0.1215984974958265
0.3360544041450779,0.33255,0.33766277128547534
0.5008704663212432,0.49762500000000004,0.4991277128547587
0.5869792746113995,0.583575,0.5843205342237068
0.6324391191709849,0.6293499999999999,0.6302671118530891
0.6472266839378243,0.643825,0.6448021702838063
0.6423523316062171,0.6383499999999999,0.6397128547579295
0.631481865284974,0.6271499999999999,0.628849749582639
0.6113562176165809,0.6055000000000001,0.6078923205342238
0.5646943005181353,0.5566000000000002,0.5596494156928217
0.4759520725388604,0.4645250000000001,0.46919782971619245
0.3203277202072539,0.305075,0.31293238731218626
0.0932538860103627,0.07907499999999999,0.08973622704507535
0.00013860103626943006,0.0,0.00022287145242070122
0.0,0.0,0.0
0.0,0.0,0.0
0.0,0.0,0.0
0.0,0.0,0.0
0.0,0.0,0.0
0.0,0.0,0.0
0.0,0.0,0.0
0.0,0.0,0.0
0.0,0.0,0.0
0.0,0.0,0.0
0.11443911917098464,0.121175,0.12130050083472467
0.3340660621761663,0.33130000000000004,0.3359457429048411
0.49746113989637347,0.49512500000000026,0.4958013355592652
0.5836865284974099,0.582275,0.5810926544240401
0.6302940414507767,0.6297500000000003,0.6282671118530893
0.6470297927461133,0.6465250000000001,0.6448505843071776
0.6447499999999985,0.643375,0.642364774624374
0.6364676165803106,0.6345500000000001,0.6339198664440732
0.616575129533679,0.61265,0.6131469115191991
0.5688329015544035,0.56245,0.5638096828046746
0.47869559585492233,0.4683749999999999,0.47192821368948207
0.32233419689119175,0.3071499999999999,0.3147387312186975
0.0945323834196891,0.08015000000000003,0.09082554257095173
0.0001515544041450777,0.0,0.00023372287145242076
0.0,0.0,0.0
0.0,0.0,0.0
0.0,0.0,0.0
0.0,0.0,0.0
0.0,0.0,0.0
0.0,0.0,0.0
0.0,0.0,0.0
0.0,0.0,0.0
0.0,0.0,0.0
0.0,0.0,0.0
0.11432512953367889,0.12110000000000001,0.1211176961602671
0.33631347150259083,0.33352499999999996,0.3379833055091823
0.501733160621762,0.4996999999999999,0.4995041736227053
0.5879170984455961,0.5861249999999998,0.5844657762938226
0.6333406735751301,0.6320999999999998,0.6303681135225387
0.6489494818652847,0.6472000000000001,0.6458823038397327
0.6454857512953366,0.6424500000000001,0.6423797996661085
0.6357059585492231,0.6316999999999999,0.6326803005008357
0.6154715025906736,0.609875,0.6119165275459097
0.5682227979274611,0.5607000000000001,0.5632904841402339
0.4790025906735756,0.467925,0.47251836393989954
0.32370466321243546,0.3077250000000001,0.316469949916528
0.09585621761658046,0.08109999999999998,0.09223539232053438
0.00017357512953367876,0.0,0.00026043405676126884
0.0,0.0,0.0
0.0,0.0,0.0
0.0,0.0,0.0
0.0,0.0,0.0
0.0,0.0,0.0
0.0,0.0,0.0
0.0,0.0,0.0
0.0,0.0,0.0
0.0,0.0,0.0
0.0,0.0,0.0
0.11372020725388618,0.11984999999999997,0.12068781302170291
0.3344611398963732,0.33055,0.3363956594323872
0.49868393782383486,0.4955499999999999,0.4969273789649425
0.5845544041450782,0.5811000000000002,0.5818071786310525
0.6302487046632125,0.6269500000000001,0.6279065108514194
0.6459170984455952,0.6422,0.6434031719532551
0.6423044041450778,0.6377750000000001,0.6397053422370623
0.632472797927461,0.6277499999999998,0.6298055091819699
0.6126360103626939,0.60685,0.6091452420701163
0.5658769430051818,0.558575,0.5607621035058432
0.47724352331606196,0.466525,0.4704140233722874
0.322806994818653,0.30742499999999995,0.3153597662771288
0.09584455958549229,0.08139999999999999,0.09215025041736238
0.000172279792746114,0.0,0.0002637729549248749
0.0,0.0,0.0
0.0,0.0,0.0
0.0,0.0,0.0
0.0,0.0,0.0
0.0,0.0,0.0
0.0,0.0,0.0
0.0,0.0,0.0
0.0,0.0,0.0
0.0,0.0,0.0
0.0,0.0,0.0
0.11069430051813481,0.116725,0.11747996661101859
0.33048445595854925,0.3266750000000001,0.3320542570951589
0.4942564766839381,0.4903000000000001,0.491738731218698
0.578985751295337,0.5739500000000001,0.5751619365609355
0.6230919689119163,0.6182999999999998,0.6197420701168612
0.6371101036269431,0.6319750000000001,0.6338397328881474
0.6325984455958545,0.6273250000000001,0.6293414023372286
0.6224987046632133,0.6174750000000001,0.6193656093489148
0.6035945595854928,0.5974999999999999,0.5998180300500843
0.5588782383419694,0.5511499999999999,0.5536819699499163
0.47255051813471455,0.46165,0.4656853088480795
0.32011398963730586,0.30470000000000014,0.3127003338898165
0.09520595854922288,0.08074999999999999,0.09153171953255443
0.00018393782383419692,0.0,0.0002637729549248749
0.0,0.0,0.0
0.0,0.0,0.0
0.0,0.0,0.0
0.0,0.0,0.0
0.0,0.0,0.0
0.0,0.0,0.0
0.0,0.0,0.0
0.0,0.0,0.0
0.0,0.0,0.0
0.0,0.0,0.0
0.10833808290155446,0.11412499999999999,0.11503255425709537
0.32805569948186575,0.324725,0.32986227045075095
0.4916658031088076,0.4879999999999998,0.4897787979966621
0.5760686528497404,0.5718249999999999,0.572919031719533
0.6199468911917103,0.6152749999999998,0.6172353923205353
0.6344779792746115,0.628925,0.6315859766277118
0.630983160621762,0.6244000000000001,0.6280400667779642
0.6219417098445593,0.615475,0.6190158597662774
0.6035880829015551,0.5959,0.5999106844741252
0.5585803108808297,0.5490999999999998,0.5534474123539221
0.4721813471502592,0.45985,0.46541151919866464
0.32010233160621787,0.30384999999999995,0.31260350584307134
0.09573316062176163,0.08097499999999999,0.09194574290484141
0.00018652849740932644,0.0,0.0002696160267111854
0.0,0.0,0.0
0.0,0.0,0.0
0.0,0.0,0.0
0.0,0.0,0.0
0.0,0.0,0.0
0.0,0.0,0.0
0.0,0.0,0.0
0.0,0.0,0.0
0.0,0.0,0.0
0.0,0.0,0.0
0.10661269430051817,0.11175000000000002,0.11317779632721217
0.3258367875647671,0.3218,0.32763939899833044
0.49016450777202153,0.48565,0.48808681135225446
0.5753523316062172,0.570425,0.5719424040066781
0.6199430051813473,0.6149499999999999,0.6168297161936553
0.6350492227979281,0.62995,0.6316527545909858
0.6317409326424873,0.6262749999999999,0.6283005008347251
0.6226243523316062,0.6173750000000001,0.6191577629382301
0.604849740932643,0.5987500000000001,0.6007245409015028
0.5602202072538867,0.5522499999999999,0.554681135225376
0.4733277202072549,0.462275,0.46624290484140146
0.3201463730569947,0.304975,0.31254507512520885
0.09546761658031092,0.08114999999999999,0.09171035058430722
0.00019559585492227982,0.0,0.0002679465776293824
0.0,0.0,0.0
0.0,0.0,0.0
0.0,0.0,0.0
0.0,0.0,0.0
0.0,0.0,0.0
0.0,0.0,0.0
0.0,0.0,0.0
0.0,0.0,0.0
0.0,0.0,0.0
0.0,0.0,0.0
0.10499870466321234,0.11007499999999999,0.11161101836394002
0.3255414507772023,0.322025,0.32738397328881447
0.49216968911917075,0.48827499999999996,0.4901202003338906
0.5800492227979283,0.5762750000000001,0.5766794657762935
0.6273354922279789,0.6242499999999999,0.6242704507512529
0.6446126943005174,0.641675,0.6412813021702842
0.6421800518134712,0.6391500000000001,0.6385592654424046
0.6326347150259071,0.6296500000000002,0.6288405676126886
0.6126295336787563,0.6083999999999999,0.6081110183639407
0.5653834196891194,0.5594249999999998,0.5595141903171956
0.4763821243523315,0.4663749999999999,0.46913188647746173
0.3216204663212438,0.30690000000000006,0.31372120200333914
0.0961800518134714,0.08180000000000001,0.09225792988313873
0.00018782383419689122,0.0,0.0002721202003338899
0.0,0.0,0.0
0.0,0.0,0.0
0.0,0.0,0.0
0.0,0.0,0.0
0.0,0.0,0.0
0.0,0.0,0.0
0.0,0.0,0.0
0.0,0.0,0.0
0.0,0.0,0.0
0.0,0.0,0.0
0.10339507772020737,0.10787500000000001,0.10999415692821402
0.32626424870466303,0.3229,0.3277537562604346
0.4949430051813478,0.49162500000000015,0.4924140233722869
0.5835077720207256,0.5796250000000003,0.579846410684475
0.6312098445595853,0.6277250000000001,0.6280801335559267
0.6481178756476682,0.644275,0.6449849749582629
0.6451722797927459,0.6406,0.6419657762938242
0.6350790155440411,0.63055,0.6319457429048412
0.6147357512953371,0.6094250000000001,0.6109482470784652
0.5668782383419696,0.55995,0.5616368948247071
0.47724093264248707,0.46675000000000005,0.47035141903171906
0.3221152849740936,0.30740000000000006,0.3143823038397329
0.09634844559585488,0.08202499999999999,0.09243155258764611
0.00018782383419689122,0.0,0.00027128547579298836
0.0,0.0,0.0
0.0,0.0,0.0
0.0,0.0,0.0
0.0,0.0,0.0
0.0,0.0,0.0
0.0,0.0,0.0
0.0,0.0,0.0
0.0,0.0,0.0
0.0,0.0,0.0
0.0,0.0,0.0
0.10322279792746103,0.10762500000000001,0.11038731218697835
0.3339650259067359,0.3354999999999999,0.33841235392320507
0.5003782383419684,0.5020500000000001,0.500817195325542
0.5891580310880837,0.5912749999999998,0.5881435726210346
0.6350880829015535,0.6348499999999999,0.6335058430717868
0.651759067357513,0.65025,0.6496878130217021
0.6475893782383414,0.6451499999999999,0.645314691151921
0.6364067357512944,0.6336999999999999,0.6344782971619355
0.61614378238342,0.6132750000000001,0.6141210350584306
0.5703406735751295,0.5667250000000001,0.5676661101836383
0.4848303108808286,0.48055000000000003,0.4810559265442403
0.3304948186528498,0.3223999999999999,0.32544908180300525
0.09511139896373062,0.083625,0.09088313856427382
0.00010492227979274612,0.0,0.00017278797996661104
0.0,0.0,0.0
0.0,0.0,0.0
0.0,0.0,0.0
0.0,0.0,0.0
0.0,0.0,0.0
0.0,0.0,0.0
0.0,0.0,0.0
0.0,0.0,0.0
0.0,0.0,0.0
0.0,0.0,0.0
0.10128108808290152,0.105125,0.10844407345575957
0.32892746113989646,0.33074999999999993,0.33362604340567564
0.491498704663213,0.49337500000000006,0.4925550918197002
0.5773471502590667,0.5801750000000001,0.5771126878130218
0.6218264248704668,0.6231749999999998,0.6212404006677799
0.6392396373056997,0.6403249999999997,0.6381719532554262
0.637823834196891,0.6386000000000001,0.6362270450751254
0.6301917098445594,0.6307749999999999,0.6283689482470775
0.6132875647668395,0.6126500000000001,0.6109098497495833
0.5698432642487049,0.5678,0.56662020033389
0.48527331606217644,0.48177499999999995,0.4810784641068451
0.33122668393782395,0.32322499999999993,0.32589315525876433
0.09548316062176171,0.083925,0.09113439065108511
0.00010362694300518136,0.0,0.00017111853088480804
0.0,0.0,0.0
0.0,0.0,0.0
0.0,0.0,0.0
0.0,0.0,0.0
0.0,0.0,0.0
0.0,0.0,0.0
0.0,0.0,0.0
0.0,0.0,0.0
0.0,0.0,0.0
0.0,0.0,0.0
0.09992098445595857,0.10297500000000001,0.10711853088480806
0.3297176165803106,0.33177500000000004,0.33411435726210276
0.49513601036269445,0.4971,0.49548998330550936
0.5823782383419699,0.5846750000000001,0.5810434056761274
0.6275854922279798,0.6281,0.6256786310517526
0.6457707253886008,0.6459250000000001,0.6434190317195323
0.6446826424870469,0.6445249999999999,0.6422003338898155
0.6365958549222798,0.6365000000000001,0.6342245409015025
0.618740932642487,0.6175999999999999,0.6160342237061769
0.5740984455958554,0.57165,0.570709515859767
0.48853626943005246,0.48470000000000013,0.48418614357262013
0.33306735751295363,0.3243000000000001,0.3278464106844739
0.09591968911917105,0.08407499999999998,0.09158681135225369
0.00010103626943005184,0.0,0.00016110183639399004
0.0,0.0,0.0
0.0,0.0,0.0
0.0,0.0,0.0
0.0,0.0,0.0
0.0,0.0,0.0
0.0,0.0,0.0
0.0,0.0,0.0
0.0,0.0,0.0
0.0,0.0,0.0
0.0,0.0,0.0
0.09848186528497412,0.10015,0.10570450751252103
0.32844430051813456,0.32930000000000004,0.3330884808013354
0.49502072538860165,0.49507499999999993,0.4957145242070118
0.5838963730569956,0.58405,0.5826560934891496
0.6306139896373061,0.6287749999999999,0.6286677796327218
0.6482512953367878,0.6455750000000001,0.6459106844741228
0.645465025906736,0.642375,0.6429666110183635
0.635542746113989,0.63255,0.6331736227045072
0.6165103626943004,0.613125,0.614077629382304
0.5715854922279798,0.5670000000000001,0.5686210350584302
0.48669948186528517,0.480675,0.4829624373956592
0.3330233160621762,0.32297499999999996,0.328160267111853
0.0966891191709845,0.08442499999999999,0.09251502504173621
0.00010751295336787564,0.0,0.0001669449081803005
0.0,0.0,0.0
0.0,0.0,0.0
0.0,0.0,0.0
0.0,0.0,0.0
0.0,0.0,0.0
0.0,0.0,0.0
0.0,0.0,0.0
0.0,0.0,0.0
0.0,0.0,0.0
0.0,0.0,0.0
0.09799611398963741,0.09832499999999998,0.10536143572621051
0.330024611398964,0.33050000000000007,0.33475876460767967
0.4961243523316053,0.49662499999999987,0.4969590984974962
0.5836463730569952,0.584725,0.5830383973288813
0.6285841968911914,0.6282249999999999,0.6275325542570949
0.6450971502590673,0.6441249999999998,0.6435884808013346
0.6417668393782383,0.6403,0.6400292153589306
0.6318510362694301,0.6304499999999997,0.6301769616026703
0.6136386010362703,0.6116250000000001,0.6116252086811352
0.5699702072538863,0.5666999999999999,0.5673096828046734
0.4864598445595859,0.4816999999999999,0.48270367278798004
0.33366580310880817,0.32415,0.328702003338898
0.09710103626943005,0.08480000000000001,0.09286227045075122
9.84455958549223e-05,0.0,0.00015943238731218703
0.0,0.0,0.0
0.0,0.0,0.0
0.0,0.0,0.0
0.0,0.0,0.0
0.0,0.0,0.0
0.0,0.0,0.0
0.0,0.0,0.0
0.0,0.0,0.0
0.0,0.0,0.0
0.0,0.0,0.0
0.09647797927461152,0.09532499999999997,0.10377545909849752
0.3286139896373056,0.32922500000000005,0.3333046744574294
0.49519430051813457,0.49587499999999995,0.4962721202003346
0.5825906735751297,0.5835250000000001,0.58260183639399
0.6271567357512955,0.6258000000000001,0.6269165275459097
0.6437694300518135,0.6410000000000001,0.6430342237061772
0.6408069948186521,0.6370250000000001,0.6396936560934898
0.6314287564766841,0.6272999999999999,0.6301777963272127
0.6137059585492232,0.6095,0.6119916527545914
0.5703911917098455,0.56565,0.5678280467445747
0.4869054404145084,0.48157500000000003,0.48322454090150235
0.33373316062176156,0.32395000000000007,0.3286719532554255
0.09682383419689118,0.08457500000000003,0.09248497495826388
9.196891191709846e-05,0.0,0.00014691151919866448
0.0,0.0,0.0
0.0,0.0,0.0
0.0,0.0,0.0
0.0,0.0,0.0
0.0,0.0,0.0
0.0,0.0,0.0
0.0,0.0,0.0
0.0,0.0,0.0
0.0,0.0,0.0
0.0,0.0,0.0
0.09459585492227976,0.09262499999999999,0.10214524207011692
0.3261373056994822,0.32702500000000007,0.3308105175292153
0.4920880829015543,0.49260000000000004,0.49305425709515877
0.5788769430051818,0.5797999999999999,0.5786485809682799
0.6233963730569954,0.622425,0.6227779632721184
0.6404183937823834,0.638625,0.6395158597662768
0.6378225388601041,0.6351999999999999,0.6366110183639396
0.6284494818652852,0.6254500000000001,0.6271611018363935
0.6111489637305701,0.6076499999999998,0.6094273789649413
0.5681334196891182,0.563425,0.5656611018363934
0.485215025906736,0.47947500000000004,0.4815776293823037
0.33281735751295327,0.32297499999999996,0.32785141903171916
0.09632253886010378,0.08412499999999998,0.0920500834724541
9.067357512953368e-05,0.0,0.00013689482470784643
0.0,0.0,0.0
0.0,0.0,0.0
0.0,0.0,0.0
0.0,0.0,0.0
0.0,0.0,0.0
0.0,0.0,0.0
0.0,0.0,0.0
0.0,0.0,0.0
0.0,0.0,0.0
0.0,0.0,0.0
0.0930725388601037,0.09064999999999998,0.10093823038397345
0.3269585492227975,0.32765,0.3309223706176961
0.49585362694300583,0.49647500000000006,0.4956886477462428
0.5856839378238347,0.586875,0.5837971619365613
0.6332668393782375,0.63235,0.6308739565943248
0.6525997409326425,0.6508749999999998,0.6499574290484126
0.6512888601036264,0.6491499999999999,0.6485884808013352
0.6425764248704654,0.640325,0.6399499165275453
0.6240220207253885,0.6212,0.6211652754590985
0.5783601036269432,0.57455,0.5748973288814687
0.49238730569948264,0.48782499999999995,0.4880517529215365
0.3369805699481865,0.32805000000000006,0.3316652754590978
0.09738730569948206,0.08549999999999999,0.09316026711185335
8.419689119170984e-05,0.0,0.00013522537562604342
0.0,0.0,0.0
0.0,0.0,0.0
0.0,0.0,0.0
0.0,0.0,0.0
0.0,0.0,0.0
0.0,0.0,0.0
0.0,0.0,0.0
0.0,0.0,0.0
0.0,0.0,0.0
0.0,0.0,0.0
0.09201554404145068,0.08915000000000002,0.10001001669449085
0.32672279792746106,0.32760000000000006,0.3310375626043405
0.4971981865284976,0.497475,0.4973063439065104
0.5855142487046632,0.586075,0.5840100166944904
0.6295336787564771,0.628325,0.6273873121869781
0.645193005181347,0.6433500000000001,0.6427237061769606
0.6410544041450773,0.6389999999999999,0.6385475792988315
0.6305595854922278,0.6286749999999999,0.6283121869782975
0.612279792746115,0.6099,0.6097988313856428
0.5686139896373057,0.5649500000000001,0.5655500834724546
0.485396373056995,0.48077499999999995,0.48140567612687846
0.33271761658031135,0.324025,0.3276435726210345
0.09582512953367872,0.08432500000000001,0.09154090150250432
7.7720207253886e-05,0.0,0.0001227045075125209
0.0,0.0,0.0
0.0,0.0,0.0
0.0,0.0,0.0
0.0,0.0,0.0
0.0,0.0,0.0
0.0,0.0,0.0
0.0,0.0,0.0
0.0,0.0,0.0
0.0,0.0,0.0
0.0,0.0,0.0
0.08860103626943003,0.0849,0.0966527545909851
0.3225246113989638,0.32370000000000004,0.3267746243739561
0.4926463730569947,0.4937250000000001,0.49282804674457475
0.5813044041450777,0.58225,0.5798105175292144
0.6259132124352327,0.624325,0.6240509181969941
0.6423769430051813,0.6393500000000001,0.6403989983305498
0.6389300518134721,0.6348999999999999,0.6368439065108517
0.6288898963730566,0.6245,0.6270183639398998
0.6104170984455958,0.6058499999999998,0.6084031719532568
0.5660790155440416,0.5610749999999999,0.5634557595993315
0.48251036269430037,0.47705000000000003,0.4788923205342235
0.32980958549222733,0.32055,0.32504257095158595
0.09425906735751292,0.08257500000000001,0.09020617696160273
6.347150259067358e-05,0.0,0.00010934891485809683
0.0,0.0,0.0
0.0,0.0,0.0
0.0,0.0,0.0
0.0,0.0,0.0
0.0,0.0,0.0
0.0,0.0,0.0
0.0,0.0,0.0
0.0,0.0,0.0
0.0,0.0,0.0
0.0,0.0,0.0
0.08600906735751286,0.08240000000000001,0.09439065108514196
0.3178354922279792,0.318425,0.3226310517529211
0.4855531088082909,0.485775,0.4865809682804684
0.5726204663212441,0.573775,0.5724916527545906
0.6170388601036275,0.6161749999999999,0.6166644407345583
0.6345349740932644,0.632425,0.6340008347245398
0.6327914507772019,0.6297499999999998,0.6321110183639398
0.6245893782383426,0.6216,0.6239382303839731
0.6077836787564781,0.6043999999999999,0.6066260434056766
0.564630829015544,0.5606500000000001,0.5626435726210344
0.4814559585492227,0.4764750000000002,0.47820868113522536
0.3283199481865283,0.3192250000000001,0.32364524207011663
0.09280569948186534,0.08102499999999999,0.08880467445742912
5.699481865284974e-05,0.0,0.00010434056761268782
0.0,0.0,0.0
0.0,0.0,0.0
0.0,0.0,0.0
0.0,0.0,0.0
0.0,0.0,0.0
0.0,0.0,0.0
0.0,0.0,0.0
0.0,0.0,0.0
0.0,0.0,0.0
0.0,0.0,0.0
0.08353238341968915,0.08030000000000001,0.09212854757929895
0.31545595854922276,0.31655000000000005,0.3204599332220371
0.4850919689119168,0.48595000000000005,0.4861135225375632
0.5735647668393783,0.576125,0.573098497495827
0.6179792746113987,0.6185749999999999,0.6167954924874796
0.6345621761658032,0.634425,0.6330959933222026
0.6312189119170979,0.63045,0.6296744574290479
0.6211593264248699,0.6202,0.619625208681135
0.6033354922279803,0.602225,0.6014941569282141
0.5608056994818642,0.558275,0.5581761268781308
0.4790764248704663,0.475275,0.4753756260434059
0.3270103626943003,0.318925,0.32209515859766286
0.09194559585492239,0.08102500000000003,0.08788731218697829
4.922279792746115e-05,0.0,9.265442404006678e-05
0.0,0.0,0.0
0.0,0.0,0.0
0.0,0.0,0.0
0.0,0.0,0.0
0.0,0.0,0.0
0.0,0.0,0.0
0.0,0.0,0.0
0.0,0.0,0.0
0.0,0.0,0.0
0.0,0.0,0.0
0.08131606217616583,0.07844999999999999,0.08996577629382302
0.3131567357512953,0.314775,0.3181243739565941
0.48356217616580355,0.4854,0.48449332220367364
0.573299222797928,0.5774250000000001,0.5729248747913175
0.6199715025906735,0.623425,0.6190759599332217
0.6386722797927459,0.6415749999999999,0.6375609348914854
0.6369857512953365,0.6391,0.6357946577629385
0.6284624352331604,0.6301500000000001,0.6273639398998326
0.6107642487046637,0.611325,0.6092712854757928
0.5663976683937827,0.5652250000000001,0.5641711185308853
0.48183160621761706,0.47902499999999987,0.47853422370617715
0.32704274611398954,0.3194000000000002,0.3223981636060099
0.09063601036269436,0.07979999999999998,0.08660016694490827
3.367875647668394e-05,0.0,7.846410684474124e-05
0.0,0.0,0.0
0.0,0.0,0.0
0.0,0.0,0.0
0.0,0.0,0.0
0.0,0.0,0.0
0.0,0.0,0.0
0.0,0.0,0.0
0.0,0.0,0.0
0.0,0.0,0.0
0.0,0.0,0.0
0.08020466321243519,0.07759999999999997,0.08888146911519203
0.31421891191709833,0.31657500000000005,0.31930634390651097
0.4889196891191711,0.49132499999999996,0.49003589315525886
0.5825064766839381,0.586425,0.5821677796327215
0.6313821243523318,0.634175,0.630514190317193
0.6509507772020725,0.653275,0.6498105175292146
0.6486204663212433,0.6503500000000002,0.6472629382303818
0.6384740932642484,0.6396750000000001,0.637132721202002
0.6192292746114002,0.6191999999999999,0.6174398998330547
0.5725259067357522,0.5706499999999999,0.5698881469115198
0.48543652849740954,0.4824,0.48187729549248787
0.3283523316062177,0.320125,0.32352337228714473
0.09036658031088093,0.07972499999999998,0.08627295492487493
2.7202072538860106e-05,0.0,6.0934891485809676e-05
0.0,0.0,0.0
0.0,0.0,0.0
0.0,0.0,0.0
0.0,0.0,0.0
0.0,0.0,0.0
0.0,0.0,0.0
0.0,0.0,0.0
0.0,0.0,0.0
0.0,0.0,0.0
0.0,0.0,0.0
0.07833549222797928,0.07685,0.08708263772954926
0.31306476683937784,0.31537499999999996,0.3182954924874789
0.48831865284974113,0.49000000000000005,0.48996243739565976
0.5805595854922281,0.5842500000000002,0.5811627712854763
0.628010362694302,0.6304749999999999,0.6281018363939914
0.6461709844559589,0.6478249999999999,0.6458656093489157
0.6430544041450768,0.6440750000000002,0.642376460767947
0.6322927461139893,0.632925,0.6315367278797998
0.61293652849741,0.6124000000000002,0.6117136894824711
0.5675997409326429,0.5651499999999999,0.5654808013355603
0.48256994818652854,0.47897500000000004,0.4793121869782971
0.3266217616580312,0.3182750000000001,0.32180300500834663
0.08898316062176169,0.07852499999999998,0.08486811352253758
1.9430051813471504e-05,0.0,5.0083472454090154e-05
0.0,0.0,0.0
0.0,0.0,0.0
0.0,0.0,0.0
0.0,0.0,0.0
0.0,0.0,0.0
0.0,0.0,0.0
0.0,0.0,0.0
0.0,0.0,0.0
0.0,0.0,0.0
0.0,0.0,0.0
0.07654663212435231,0.07577500000000001,0.08529465776293824
0.3126748704663216,0.31437499999999996,0.3179732888146913
0.49013730569948205,0.4904499999999999,0.491646076794658
0.5839663212435227,0.586025,0.5841786310517535
0.6320401554404151,0.6332999999999998,0.6316853088480797
0.6504650259067362,0.6522000000000002,0.6499824707846413
0.647268134715026,0.6493499999999999,0.6465984974958261
0.6360362694300519,0.6395,0.6353998330550908
0.6178652849740929,0.6207499999999999,0.6167562604340555
0.5733769430051818,0.5739749999999998,0.5713989983305519
0.48762046632124373,0.48605,0.4843989983305502
0.32944689119170956,0.321875,0.3245818030050078
0.08878626943005184,0.078375,0.08470283806343898
1.295336787564767e-05,0.0,4.006677796327212e-05
0.0,0.0,0.0
0.0,0.0,0.0
0.0,0.0,0.0
0.0,0.0,0.0
0.0,0.0,0.0
0.0,0.0,0.0
0.0,0.0,0.0
0.0,0.0,0.0
0.0,0.0,0.0
0.0,0.0,0.0
0.07467616580310878,0.07442499999999999,0.083457429048414
0.31020466321243517,0.31217500000000004,0.31543656093489175
0.48603367875647663,0.4867000000000001,0.48759933222036755
0.5791645077720204,0.5816749999999999,0.5796719532554266
0.6280932642487047,0.6291249999999999,0.6280267111853078
0.6479352331606217,0.6487499999999999,0.6476043405676135
0.6462759067357507,0.647275,0.6456101836393989
0.6364339378238344,0.6380999999999999,0.635725375626042
0.6183497409326421,0.6195000000000003,0.6170350584307172
0.5732655440414512,0.5721499999999999,0.5711302170283813
0.48716968911917097,0.48432499999999995,0.48380467445742825
0.32905310880829025,0.32087499999999997,0.3241886477462434
0.08828497409326437,0.07757499999999998,0.08425792988313864
1.1658031088082903e-05,0.0,2.921535893155259e-05
0.0,0.0,0.0
0.0,0.0,0.0
0.0,0.0,0.0
0.0,0.0,0.0
0.0,0.0,0.0
0.0,0.0,0.0
0.0,0.0,0.0
0.0,0.0,0.0
0.0,0.0,0.0
0.0,0.0,0.0
0.07322020725388594,0.07387500000000001,0.08213856427378974
0.31133031088082924,0.3134,0.3165609348914858
0.4892448186528506,0.49090000000000006,0.4908806343906512
0.5826126943005187,0.587,0.5829006677796339
0.6306658031088092,0.6338999999999999,0.6300400667779636
0.6502772020725381,0.6528999999999999,0.6490659432387315
0.6487033678756475,0.650575,0.6471260434056754
0.6389158031088079,0.6405749999999999,0.6374290484140227
0.6197150259067359,0.62065,0.6178305509181978
0.573847150259068,0.572875,0.5711469115191992
0.4874715025906739,0.4848,0.48385141903172
0.32935233160621724,0.321375,0.3242846410684466
0.0876269430051814,0.07714999999999998,0.08359181969949932
3.886010362694301e-06,0.0,2.3372287145242072e-05
0.0,0.0,0.0
0.0,0.0,0.0
0.0,0.0,0.0
0.0,0.0,0.0
0.0,0.0,0.0
0.0,0.0,0.0
0.0,0.0,0.0
0.0,0.0,0.0
0.0,0.0,0.0
0.0,0.0,0.0
0.07147020725388595,0.073275,0.0802963272120201
0.31125259067357525,0.313125,0.3164265442404002
0.4915168393782386,0.493275,0.49271452420701156
0.5866178756476685,0.5911250000000001,0.5862854757929891
0.6353911917098444,0.6387249999999998,0.6341702838063435
0.6543082901554399,0.6569999999999998,0.6526218697829711
0.6510932642487047,0.6526749999999997,0.649011686143572
0.6403173575129527,0.6415,0.6381786310517525
0.6211800518134717,0.6215250000000002,0.6186627712854758
0.5753549222797929,0.574225,0.5722462437395652
0.4887784974093265,0.48614999999999997,0.4849282136894828
0.32989766839378204,0.32205,0.3247295492487481
0.08731994818652852,0.076825,0.08316110183639397
2.5906735751295338e-06,0.0,1.669449081803005e-05
0.0,0.0,0.0
0.0,0.0,0.0
0.0,0.0,0.0
0.0,0.0,0.0
0.0,0.0,0.0
0.0,0.0,0.0
0.0,0.0,0.0
0.0,0.0,0.0
0.0,0.0,0.0
0.0,0.0,0.0
0.06931347150259061,0.071825,0.07812520868113523
0.3114158031088083,0.312825,0.3162520868113519
0.49347538860103607,0.49357500000000004,0.4940609348914857
0.5887176165803117,0.590925,0.5876677796327221
0.6372318652849744,0.6383,0.6355283806343907
0.6561347150259067,0.6563,0.654050083472454
0.653130829015544,0.6525250000000001,0.6508489148580965
0.6421735751295342,0.6414999999999997,0.6398898163606004
0.6223808290155444,0.6210499999999999,0.6196293823038406
0.5756243523316069,0.5729750000000001,0.5720993322203666
0.4883575129533675,0.48462499999999986,0.4840400667779639
0.3289922279792747,0.32025,0.32370951585976593
0.08616580310880834,0.075675,0.08209933222036733
2.5906735751295338e-06,0.0,1.3355592654424041e-05
0.0,0.0,0.0
0.0,0.0,0.0
0.0,0.0,0.0
0.0,0.0,0.0
0.0,0.0,0.0
0.0,0.0,0.0
0.0,0.0,0.0
0.0,0.0,0.0
0.0,0.0,0.0
0.0,0.0,0.0
0.06729015544041443,0.070675,0.07589899833055094
0.3087098445595853,0.310425,0.3134858096828047
0.48852979274611347,0.48964999999999986,0.48899833055091796
0.5813432642487045,0.584425,0.5802237061769621
0.6279689119170986,0.6295,0.6262237061769621
0.6460660621761656,0.6466249999999999,0.6442170283806341
0.6434041450777199,0.6432249999999999,0.6415258764607679
0.6333316062176166,0.6328749999999997,0.6317020033388973
0.6149145077720215,0.6138000000000002,0.6130275459098508
0.569651554404145,0.5671749999999999,0.5670976627712853
0.4843199481865287,0.48062500000000014,0.4808055091819707
0.3267512953367877,0.31800000000000006,0.32177712854757845
0.0848316062176165,0.07434999999999999,0.0808547579298831
1.2953367875647669e-06,0.0,8.347245409015026e-06
0.0,0.0,0.0
0.0,0.0,0.0
0.0,0.0,0.0
0.0,0.0,0.0
0.0,0.0,0.0
0.0,0.0,0.0
0.0,0.0,0.0
0.0,0.0,0.0
0.0,0.0,0.0
0.0,0.0,0.0
0.0656541450777202,0.070025,0.07414273789649413
0.307208549222798,0.30934999999999996,0.31253505843071794
0.48840932642487,0.4907,0.48996661101836303
0.5829637305699479,0.5873999999999999,0.5830651085141899
0.6310077720207244,0.6342,0.6305868113522541
0.6499559585492224,0.6520250000000001,0.6491552587646078
0.6477499999999999,0.6484749999999999,0.6465901502504179
0.6380310880829012,0.6380749999999998,0.636773789649414
0.6196230569948189,0.6189000000000001,0.6177946577629377
0.5736670984455959,0.571525,0.5709515859766291
0.48665155440414476,0.4832249999999999,0.48285642737896445
0.32571761658031084,0.3178250000000001,0.3205492487479124
0.08240025906735755,0.07254999999999999,0.07839983305509193
1.2953367875647669e-06,0.0,5.008347245409015e-06
0.0,0.0,0.0
0.0,0.0,0.0
0.0,0.0,0.0
0.0,0.0,0.0
0.0,0.0,0.0
0.0,0.0,0.0
0.0,0.0,0.0
0.0,0.0,0.0
0.0,0.0,0.0
0.0,0.0,0.0
0.0634248704663212,0.0689,0.0717779632721203
0.30412176165803145,0.306175,0.30941569282136877
0.48635233160621777,0.4876500000000001,0.48798664440734574
0.5814209844559579,0.5851,0.5816961602671122
0.6291178756476689,0.6327250000000001,0.6289365609348921
0.647458549222798,0.650775,0.6470367278797989
0.644235751295337,0.6472999999999999,0.6434916527545915
0.6342059585492228,0.6376749999999999,0.633197829716194
0.6166645077720208,0.6192249999999999,0.6148522537562594
0.571670984455959,0.5721499999999999,0.5689499165275462
0.4849896373056987,0.48385,0.4811627712854761
0.3232862694300518,0.31667499999999993,0.3182136894824703
0.08006735751295341,0.07027499999999998,0.07609933222036729
0.0,0.0,8.347245409015026e-07
0.0,0.0,0.0
0.0,0.0,0.0
0.0,0.0,0.0
0.0,0.0,0.0
0.0,0.0,0.0
0.0,0.0,0.0
0.0,0.0,0.0
0.0,0.0,0.0
0.0,0.0,0.0
0.0,0.0,0.0
0.061602331606217545,0.06752499999999999,0.06983055091819694
0.3035997409326425,0.3052499999999999,0.30878714524207024
0.4883329015544043,0.48950000000000016,0.4896819699499168
0.585322538860104,0.5882499999999999,0.5849774624373958
0.6341282383419696,0.635275,0.633275459098496
0.6530803108808287,0.6535750000000002,0.6520058430717862
0.6501321243523314,0.6510750000000002,0.6489098497495813
0.6396554404145077,0.6410000000000001,0.6384732888146915
0.6209896373056994,0.6217749999999997,0.6191744574290483
0.5750220207253893,0.5740750000000001,0.5722896494156926
0.48763989637305644,0.48565,0.4837896494156934
0.3249300518134715,0.317725,0.31993989983305493
0.07945854922279809,0.0697,0.07572454090150256
0.0,0.0,0.0
0.0,0.0,0.0
0.0,0.0,0.0
0.0,0.0,0.0
0.0,0.0,0.0
0.0,0.0,0.0
0.0,0.0,0.0
0.0,0.0,0.0
0.0,0.0,0.0
0.0,0.0,0.0
0.0,0.0,0.0
0.05959715025906725,0.06615000000000001,0.06757178631051752
0.30219041450777195,0.303575,0.30727045075125176
0.486839378238342,0.4867749999999999,0.48816277128547536
0.583378238341969,0.584675,0.5828656093489161
0.6319844559585492,0.6319750000000002,0.6310066777963275
0.6510608808290155,0.6504750000000001,0.6498722871452419
0.6483795336787563,0.6469500000000001,0.6470884808013354
0.6380777202072541,0.6369249999999997,0.6369273789649421
0.6196800518134716,0.6183499999999998,0.618008347245409
0.5738225388601043,0.571225,0.5713272120200329
0.48683160621761645,0.48367500000000013,0.4831702838063435
0.3238536269430052,0.31625000000000003,0.31889482470784575
0.07812953367875643,0.06822499999999997,0.07444323873121882
0.0,0.0,0.0
0.0,0.0,0.0
0.0,0.0,0.0
0.0,0.0,0.0
0.0,0.0,0.0
0.0,0.0,0.0
0.0,0.0,0.0
0.0,0.0,0.0
0.0,0.0,0.0
0.0,0.0,0.0
0.0,0.0,0.0
0.057575129533678805,0.064575,0.06531886477462442
0.3003199481865286,0.30229999999999996,0.30536811352253795
0.48533160621761606,0.4863750000000001,0.48674874791318884
0.5822629533678759,0.584375,0.582035058430717
0.631345854922279,0.6316499999999998,0.6304833055091821
0.6510505181347154,0.6508249999999999,0.6497161936560925
0.6481696891191705,0.647125,0.6465191986644402
0.6366722797927459,0.6354500000000001,0.6350617696160261
0.6173536269430054,0.6148750000000002,0.6154073455759597
0.5715207253886015,0.5677250000000003,0.5689657762938232
0.48484196891191667,0.4811249999999999,0.4812195325542565
0.3223484455958546,0.31475000000000003,0.31727295492487473
0.07675129533678766,0.06694999999999998,0.07306260434056755
0.0,0.0,0.0
0.0,0.0,0.0
0.0,0.0,0.0
0.0,0.0,0.0
0.0,0.0,0.0
0.0,0.0,0.0
0.0,0.0,0.0
0.0,0.0,0.0
0.0,0.0,0.0
0.0,0.0,0.0
0.0,0.0,0.0
0.05537953367875644,0.062875,0.06288063439065106
0.29820336787564783,0.3003,0.3033430717863107
0.4831722797927463,0.484825,0.4846151919866452
0.5801943005181353,0.5831000000000001,0.5799257095158603
0.6295492227979276,0.6302249999999999,0.6287545909849751
0.6501826424870467,0.649875,0.6489365609348924
0.6486386010362688,0.6474500000000001,0.6471535893155259
0.6389443005181346,0.637475,0.6374607679465767
0.6210220207253895,0.6188499999999999,0.6191185308848078
0.5750129533678761,0.5713250000000001,0.5723823038397327
0.486927461139897,0.4828750000000001,0.4831435726210352
0.32219430051813497,0.31390000000000007,0.3170492487479127
0.07525647668393783,0.0653,0.07155676126878137
0.0,0.0,0.0
0.0,0.0,0.0
0.0,0.0,0.0
0.0,0.0,0.0
0.0,0.0,0.0
0.0,0.0,0.0
0.0,0.0,0.0
0.0,0.0,0.0
0.0,0.0,0.0
0.0,0.0,0.0
0.0,0.0,0.0
0.053316062176165774,0.0613,0.0607445742904841
0.2979339378238345,0.30057500000000004,0.30309515859766256
0.4856360103626948,0.487725,0.48722287145242105
0.5847020725388601,0.588425,0.5848046744574301
0.6356917098445596,0.637425,0.635198664440735
0.6570518134715029,0.658425,0.6560742904841398
0.6554339378238346,0.6561,0.6541110183639395
0.6450621761658027,0.6454000000000001,0.6436761268781305
0.6253121761658035,0.6249499999999999,0.6234891485809696
0.5774961139896373,0.5753750000000001,0.5748013355592659
0.4877409326424866,0.48450000000000004,0.4837762938230383
0.3214987046632123,0.31340000000000007,0.3163580968280455
0.07373056994818653,0.0641,0.07009181969949928
0.0,0.0,0.0
0.0,0.0,0.0
0.0,0.0,0.0
0.0,0.0,0.0
0.0,0.0,0.0
0.0,0.0,0.0
0.0,0.0,0.0
0.0,0.0,0.0
0.0,0.0,0.0
0.0,0.0,0.0
0.0,0.0,0.0
0.051426165803108784,0.059625000000000004,0.05886227045075125
0.29707512953367854,0.29962500000000003,0.30219198664440733
0.4850401554404145,0.48667499999999997,0.48670116861435725
0.5831891191709853,0.58585,0.5833797996661099
0.6319987046632125,0.63215,0.6317879799666118
0.6508277202072539,0.650075,0.6502762938230381
0.6470647668393784,0.6457750000000002,0.6462445742904835
0.6352461139896362,0.6341499999999999,0.6343597662771279
0.6151852331606223,0.61375,0.6138038397328891
0.5684235751295336,0.5655249999999998,0.5661878130217024
0.4808717616580319,0.47752499999999987,0.47733722871452405
0.31733808290155413,0.30925000000000014,0.3123823038397326
0.07151943005181333,0.06207499999999999,0.06804674457429062
0.0,0.0,0.0
0.0,0.0,0.0
0.0,0.0,0.0
0.0,0.0,0.0
0.0,0.0,0.0
0.0,0.0,0.0
0.0,0.0,0.0
0.0,0.0,0.0
0.0,0.0,0.0
0.0,0.0,0.0
0.0,0.0,0.0
0.04956865284974095,0.05752500000000001,0.05692404006677796
0.2934196891191711,0.29605000000000004,0.298465776293823
0.47834974093264315,0.48055000000000003,0.47993739565943205
0.5738860103626947,0.57785,0.5737963272120202
0.621607512953368,0.624025,0.6208739565943233
0.6407033678756466,0.6424000000000001,0.6393864774624376
0.6381580310880822,0.6387750000000001,0.6363697829716195
0.6281917098445603,0.6284749999999997,0.6262979966611018
0.6102681347150261,0.6096749999999999,0.6079048414023365
0.5648601036269435,0.5628749999999999,0.5618981636060094
0.47793393782383403,0.4752249999999999,0.4740517529215357
0.3143341968911916,0.30602500000000005,0.309297996661102
0.06920854922279794,0.0598,0.0658355592654424
0.0,0.0,0.0
0.0,0.0,0.0
0.0,0.0,0.0
0.0,0.0,0.0
0.0,0.0,0.0
0.0,0.0,0.0
0.0,0.0,0.0
0.0,0.0,0.0
0.0,0.0,0.0
0.0,0.0,0.0
0.0,0.0,0.0
0.04774481865284971,0.05545,0.05511769616026707
0.2917966321243521,0.294625,0.2968697829716193
0.47850906735751325,0.48172499999999985,0.48006594323873153
0.5761463730569943,0.581025,0.5760601001669452
0.6257072538860103,0.6286,0.6251577629382304
0.6466347150259069,0.6482000000000002,0.6457170283806345
0.6455854922279782,0.6458750000000001,0.644303005008348
0.6359844559585487,0.636325,0.6347253756260435
0.6166049222797926,0.6163000000000001,0.6149081803005018
0.5692137305699484,0.5677500000000001,0.5666627712854762
0.4799300518134719,0.47772500000000007,0.47610934891485757
0.3137759067357517,0.30532500000000007,0.30861018363939924
0.06734455958549235,0.05837499999999997,0.06406427378964945
0.0,0.0,0.0
0.0,0.0,0.0
0.0,0.0,0.0
0.0,0.0,0.0
0.0,0.0,0.0
0.0,0.0,0.0
0.0,0.0,0.0
0.0,0.0,0.0
0.0,0.0,0.0
0.0,0.0,0.0
0.0,0.0,0.0
0.04613601036269429,0.053925,0.05360267111853087
0.30813730569948167,0.31037500000000007,0.31280968280467486
0.5147253886010353,0.5163,0.5147871452420701
0.6030505181347154,0.6028750000000002,0.601784641068449
0.6441554404145082,0.6439499999999999,0.6426135225375621
0.6577215025906733,0.6565,0.655842237061768
0.6537694300518139,0.6516000000000002,0.6516444073455743
0.6448341968911909,0.6422000000000001,0.6426878130217034
0.629694300518135,0.6263500000000001,0.6271176961602685
0.5914883419689129,0.5867249999999998,0.5879524207011683
0.515465025906736,0.507775,0.5104966611018362
0.3625621761658028,0.3524250000000001,0.3550559265442401
0.0985569948186529,0.08752499999999998,0.09331218697829721
0.0,0.0,0.0
0.0,0.0,0.0
0.0,0.0,0.0
0.0,0.0,0.0
0.0,0.0,0.0
0.0,0.0,0.0
0.0,0.0,0.0
0.0,0.0,0.0
0.0,0.0,0.0
0.0,0.0,0.0
0.0,0.0,0.0
0.0440323834196891,0.05142500000000001,0.05140567612687811
0.3052862694300519,0.30785000000000007,0.3095425709515863
0.5121386010362693,0.51425,0.5115884808013353
0.6001489637305704,0.6004249999999999,0.5983130217028391
0.6412059585492221,0.6415249999999997,0.6390809682804671
0.656167098445596,0.6549249999999998,0.6536068447412346
0.6546541450777197,0.6524500000000001,0.6517729549248735
0.6482499999999991,0.6458250000000002,0.6453222036727888
0.6349326424870471,0.631775,0.6315333889816348
0.5971126943005187,0.5925750000000001,0.59273038397329
0.5192046632124353,0.5114750000000001,0.5136176961602668
0.36289248704663163,0.3528,0.3550567612687816
0.09606347150259072,0.085525,0.09089899833055089
0.0,0.0,0.0
0.0,0.0,0.0
0.0,0.0,0.0
0.0,0.0,0.0
0.0,0.0,0.0
0.0,0.0,0.0
0.0,0.0,0.0
0.0,0.0,0.0
0.0,0.0,0.0
0.0,0.0,0.0
0.0,0.0,0.0
0.0425259067357513,0.04967500000000001,0.04979549248747914
0.30492098445595883,0.3076749999999999,0.30922787979966554
0.5151800518134712,0.5171,0.5143530884808009
0.6054222797927459,0.605925,0.6031143572621035
0.647563471502591,0.6483749999999999,0.6451769616026702
0.6624585492227986,0.6625500000000001,0.6600868113522534
0.6598316062176166,0.6593000000000001,0.6575484140233722
0.6518199481865287,0.6509000000000001,0.6497729549248747
0.6373329015544044,0.6355249999999999,0.6347921535893163
0.5990025906735746,0.5957749999999997,0.5953330550918203
0.5212331606217623,0.5144749999999998,0.5159181969949916
0.36364637305699493,0.3540000000000001,0.3557228714524207
0.09414248704663208,0.08394999999999998,0.08905175292153589
0.0,0.0,0.0
0.0,0.0,0.0
0.0,0.0,0.0
0.0,0.0,0.0
0.0,0.0,0.0
0.0,0.0,0.0
0.0,0.0,0.0
0.0,0.0,0.0
0.0,0.0,0.0
0.0,0.0,0.0
0.0,0.0,0.0
0.04118264248704661,0.04815,0.048342237061769565
0.30622279792746143,0.308775,0.31052253756260434
0.5203523316062179,0.522475,0.5194849749582637
0.6120025906735754,0.612425,0.6097487479131896
0.6542176165803109,0.654525,0.6517412353923197
0.6680414507772023,0.6673499999999999,0.6653881469115185
0.6637487046632129,0.6626249999999998,0.6608555926544232
0.6541489637305697,0.6530249999999999,0.6513080133555936
0.6384041450777198,0.6366249999999999,0.635110183639398
0.599121761658031,0.5961750000000001,0.5947487479131879
0.5203380829015543,0.5136749999999999,0.5145809682804681
0.36189119170984424,0.35187500000000005,0.35377796327212035
0.09181865284974099,0.081675,0.0866953255425711
0.0,0.0,0.0
0.0,0.0,0.0
0.0,0.0,0.0
0.0,0.0,0.0
0.0,0.0,0.0
0.0,0.0,0.0
0.0,0.0,0.0
0.0,0.0,0.0
0.0,0.0,0.0
0.0,0.0,0.0
0.0,0.0,0.0
0.03973834196891192,0.046625,0.04675041736227042
0.3049779792746115,0.307825,0.30945325542570984
0.5200012953367874,0.5227500000000002,0.5197896494156932
0.612110103626943,0.613325,0.6106861435726202
0.6540660621761661,0.6557,0.6526427378964942
0.6674572538860097,0.6687999999999998,0.6658372287145228
0.6627668393782385,0.664175,0.6609123539232055
0.6528730569948188,0.654625,0.651086811352253
0.636879533678757,0.6381249999999999,0.6344641068447412
0.597225388601036,0.5969249999999999,0.5935208681135227
0.5179559585492217,0.5128250000000001,0.5127595993322203
0.35870595854922227,0.34892500000000004,0.3508981636060094
0.08887694300518137,0.07867499999999998,0.08394240400667782
0.0,0.0,0.0
0.0,0.0,0.0
0.0,0.0,0.0
0.0,0.0,0.0
0.0,0.0,0.0
0.0,0.0,0.0
0.0,0.0,0.0
0.0,0.0,0.0
0.0,0.0,0.0
0.0,0.0,0.0
0.0,0.0,0.0
0.0382046632124352,0.04527500000000001,0.04516193656093488
0.30315155440414526,0.3067250000000001,0.3076502504173619
0.5180725388601041,0.5220499999999999,0.5178814691151914
0.6087862694300515,0.6115999999999999,0.607367278797997
0.6501606217616587,0.6528,0.6484140233722864
0.6634261658031089,0.6652999999999998,0.6612938230383966
0.6590556994818648,0.6606249999999998,0.6566911519198666
0.6501554404145082,0.6519000000000001,0.6477253756260416
0.6352642487046629,0.6366499999999999,0.6322929883138564
0.5963316062176162,0.5961249999999999,0.5921410684474142
0.516997409326425,0.5122999999999999,0.5113614357262103
0.35646243523316057,0.34740000000000004,0.34828297161936583
0.08576554404145076,0.07569999999999999,0.08077879799666124
0.0,0.0,0.0
0.0,0.0,0.0
0.0,0.0,0.0
0.0,0.0,0.0
0.0,0.0,0.0
0.0,0.0,0.0
0.0,0.0,0.0
0.0,0.0,0.0
0.0,0.0,0.0
0.0,0.0,0.0
0.0,0.0,0.0
0.036744818652849724,0.04375,0.04348998330550919
0.3016373056994819,0.305025,0.3061210350584307
0.5189663212435234,0.5213749999999999,0.5186335559265439
0.6110310880829017,0.6119250000000002,0.6094599332220367
0.6524287564766845,0.6540250000000001,0.650531719532554
0.6653277202072544,0.6669750000000001,0.6632086811352269
0.6602888601036265,0.662025,0.6581010016694484
0.6502927461139892,0.652475,0.6482704507512519
0.6346593264248706,0.6360999999999999,0.6322095158597665
0.595261658031088,0.5950499999999999,0.5915826377295483
0.5153847150259068,0.5108499999999998,0.5101343906510858
0.3539689119170981,0.34485000000000005,0.3460467445742902
0.08283808290155435,0.07292499999999999,0.07803923205342225
0.0,0.0,0.0
0.0,0.0,0.0
0.0,0.0,0.0
0.0,0.0,0.0
0.0,0.0,0.0
0.0,0.0,0.0
0.0,0.0,0.0
0.0,0.0,0.0
0.0,0.0,0.0
0.0,0.0,0.0
0.0,0.0,0.0
0.035189119170984454,0.041925,0.04176126878130214
0.29960751295336785,0.3031499999999999,0.30381886477462394
0.5169637305699482,0.520325,0.5163280467445744
0.6088523316062183,0.6111500000000001,0.606803005008348
0.650559585492227,0.6533,0.6482796327212023
0.6642616580310874,0.6661499999999999,0.6616093489148565
0.6603044041450777,0.6617500000000001,0.6575475792988301
0.6515893782383415,0.6529249999999999,0.648906510851418
0.6363717616580311,0.6368,0.6331969949916543
0.5961709844559582,0.5946999999999999,0.5918898163606008
0.5152966321243522,0.5092749999999999,0.5095108514190333
0.352453367875648,0.34209999999999996,0.34427295492487464
0.08024352331606226,0.07054999999999997,0.07563021702838069
0.0,0.0,0.0
0.0,0.0,0.0
0.0,0.0,0.0
0.0,0.0,0.0
0.0,0.0,0.0
0.0,0.0,0.0
0.0,0.0,0.0
0.0,0.0,0.0
0.0,0.0,0.0
0.0,0.0,0.0
0.0,0.0,0.0
0.03365025906735753,0.0409,0.04015108514190314
0.2975375647668388,0.300725,0.3016769616026712
0.5139002590673573,0.5165,0.5129332220367284
0.6049391191709852,0.606475,0.6025642737896498
0.6463199481865279,0.647525,0.6438589315525881
0.6600582901554397,0.6603499999999998,0.6574782971619362
0.6562124352331602,0.655725,0.6535584307178625
0.6472940414507774,0.6463,0.6447237061769598
0.6315582901554403,0.62905,0.6284724540901507
0.5920453367875645,0.5882999999999999,0.5877813021702837
0.5128782383419689,0.50555,0.5069791318864771
0.3504598445595855,0.3390750000000001,0.34227462437395706
0.07756088082901552,0.06824999999999999,0.07309933222036742
0.0,0.0,0.0
0.0,0.0,0.0
0.0,0.0,0.0
0.0,0.0,0.0
0.0,0.0,0.0
0.0,0.0,0.0
0.0,0.0,0.0
0.0,0.0,0.0
0.0,0.0,0.0
0.0,0.0,0.0
0.0,0.0,0.0
0.03216968911917099,0.0397,0.038694490818030024
0.29609844559585524,0.29922499999999996,0.3004048414023367
0.5131139896373059,0.5161250000000001,0.5123998330550917
0.6050984455958549,0.6068999999999999,0.6027095158597675
0.6473147668393776,0.6488749999999998,0.6444607679465766
0.6617318652849739,0.66205,0.6584949916527526
0.6585220207253885,0.657675,0.6550634390651081
0.6504585492227976,0.6490499999999999,0.6471252086811338
0.6354417098445594,0.6331249999999999,0.6317212020033397
0.5956062176165811,0.5919249999999999,0.5909866444073449
0.5144339378238347,0.5071249999999999,0.5085300500834721
0.34902849740932607,0.33775000000000005,0.3408622704507509
0.07451683937823839,0.065875,0.07033639398998334
0.0,0.0,0.0
0.0,0.0,0.0
0.0,0.0,0.0
0.0,0.0,0.0
0.0,0.0,0.0
0.0,0.0,0.0
0.0,0.0,0.0
0.0,0.0,0.0
0.0,0.0,0.0
0.0,0.0,0.0
0.0,0.0,0.0
0.03081476683937824,0.0384,0.03747579298831387
0.29591191709844566,0.29875000000000007,0.3002387312186972
0.515366580310881,0.5173250000000003,0.5147570951585975
0.6073976683937832,0.6079,0.6052237061769615
0.6480686528497414,0.64885,0.6455959933222032
0.6607992227979276,0.6608500000000002,0.6579999999999986
0.6561347150259071,0.6551999999999999,0.6530525876460752
0.6470932642487046,0.6455500000000001,0.644023372287145
0.6320155440414507,0.6293749999999999,0.6285275459098509
0.5928018134715024,0.58895,0.5882161936560948
0.5120595854922283,0.5046999999999999,0.5061043405676132
0.3461204663212432,0.3346,0.3378989983305506
0.0713018134715026,0.062399999999999976,0.06740066777963276
0.0,0.0,0.0
0.0,0.0,0.0
0.0,0.0,0.0
0.0,0.0,0.0
0.0,0.0,0.0
0.0,0.0,0.0
0.0,0.0,0.0
0.0,0.0,0.0
0.0,0.0,0.0
0.0,0.0,0.0
0.0,0.0,0.0
0.02917227979274611,0.03705,0.03603505843071784
0.29405440414507733,0.29722499999999996,0.29825709515859783
0.514690414507772,0.5167499999999998,0.5135684474123535
0.6075725388601049,0.6084499999999999,0.6046911519198669
0.6489922279792738,0.6499499999999998,0.645732888146911
0.6622046632124352,0.6625499999999999,0.6587646076794642
0.6580582901554409,0.657925,0.6544774624373962
0.649428756476684,0.6492249999999999,0.6460742904841388
0.6347137305699483,0.6337749999999998,0.6310233722871452
0.5948562176165807,0.592625,0.5902003338898177
0.5124145077720199,0.5063500000000001,0.5064757929883147
0.3434870466321245,0.33265,0.3351327212020033
0.06787046632124348,0.05924999999999999,0.06417612687813029
0.0,0.0,0.0
0.0,0.0,0.0
0.0,0.0,0.0
0.0,0.0,0.0
0.0,0.0,0.0
0.0,0.0,0.0
0.0,0.0,0.0
0.0,0.0,0.0
0.0,0.0,0.0
0.0,0.0,0.0
0.0,0.0,0.0
0.027715025906735767,0.036024999999999995,0.03462938230383971
0.29467487046632124,0.2981250000000001,0.2989557595993318
0.520866580310881,0.5226750000000001,0.5199382303839731
0.6175375647668402,0.6178250000000001,0.6151894824707838
0.6606347150259063,0.661175,0.6581327212020025
0.6738341968911913,0.6739000000000003,0.6712562604340557
0.6685284974093262,0.668,0.66588063439065
0.6585375647668388,0.6578999999999999,0.6559015025041737
0.6410854922279786,0.6395749999999999,0.6379382303839731
0.5979611398963736,0.5954500000000003,0.5936494156928217
0.5131347150259059,0.5067750000000001,0.5073330550918197
0.34192746113989697,0.330775,0.33378714524207015
0.06529015544041453,0.05637500000000001,0.06177629382303838
0.0,0.0,0.0
0.0,0.0,0.0
0.0,0.0,0.0
0.0,0.0,0.0
0.0,0.0,0.0
0.0,0.0,0.0
0.0,0.0,0.0
0.0,0.0,0.0
0.0,0.0,0.0
0.0,0.0,0.0
0.0,0.0,0.0
0.02644170984455957,0.0349,0.03335475792988312
0.29509844559585496,0.29787500000000006,0.2993864774624376
0.5228950777202072,0.5246500000000001,0.5218480801335558
0.6197046632124349,0.6202749999999999,0.6169933222036726
0.6621852331606214,0.6633749999999999,0.6593397328881467
0.6750272020725386,0.6756499999999999,0.6720567612687814
0.669582901554404,0.6698500000000001,0.6665742904841405
0.6597292746113991,0.6597749999999999,0.6567913188647744
0.6428134715025905,0.6421749999999999,0.6393823038397335
0.5999093264248708,0.5979249999999999,0.5953130217028392
0.5143290155440416,0.5082000000000002,0.5083706176961597
0.34089507772020694,0.32972499999999993,0.3325559265442401
0.06258160621761659,0.053875000000000006,0.05919782971619369
0.0,0.0,0.0
0.0,0.0,0.0
0.0,0.0,0.0
0.0,0.0,0.0
0.0,0.0,0.0
0.0,0.0,0.0
0.0,0.0,0.0
0.0,0.0,0.0
0.0,0.0,0.0
0.0,0.0,0.0
0.0,0.0,0.0
0.025164507772020724,0.033699999999999994,0.032050083472454076
0.2946748704663216,0.29742500000000005,0.29905759599332227
0.5230984455958556,0.52485,0.5221535893155259
0.6193031088082901,0.62035,0.6167854757929887
0.6612836787564765,0.6625500000000002,0.6586393989983308
0.6738082901554399,0.674425,0.6709666110183642
0.6681476683937827,0.66845,0.6651118530884802
0.658387305699482,0.6585500000000001,0.6553080133555919
0.6425971502590666,0.6418250000000001,0.6390183639398999
0.6008212435233159,0.5989749999999999,0.5961018363939902
0.5152603626943009,0.5091249999999998,0.5091193656093488
0.340374352331606,0.32930000000000004,0.3317896494156926
0.060155440414507794,0.0519,0.05675709515859768
0.0,0.0,0.0
0.0,0.0,0.0
0.0,0.0,0.0
0.0,0.0,0.0
0.0,0.0,0.0
0.0,0.0,0.0
0.0,0.0,0.0
0.0,0.0,0.0
0.0,0.0,0.0
0.0,0.0,0.0
0.0,0.0,0.0
0.024029792746113988,0.03265,0.030782971619365596
0.29409974093264285,0.297075,0.29833555926544236
0.5223924870466322,0.5242000000000001,0.5212270450751258
0.6179080310880826,0.618625,0.6150726210350586
0.6590984455958551,0.6597750000000001,0.6560300500834723
0.6709572538860097,0.670825,0.6675959933222023
0.6644546632124342,0.6638000000000002,0.660981636060101
0.6535777202072537,0.65305,0.6503889816360594
0.6369145077720207,0.6359750000000001,0.6332729549248761
0.5951606217616582,0.5933250000000001,0.5904015025041736
0.5109170984455964,0.505425,0.5048063439065116
0.33683808290155415,0.32560000000000006,0.32824874791318864
0.05755181347150258,0.04962499999999999,0.05415525876460767
0.0,0.0,0.0
0.0,0.0,0.0
0.0,0.0,0.0
0.0,0.0,0.0
0.0,0.0,0.0
0.0,0.0,0.0
0.0,0.0,0.0
0.0,0.0,0.0
0.0,0.0,0.0
0.0,0.0,0.0
0.0,0.0,0.0
0.02296243523316062,0.0314,0.02954841402337227
0.29296113989637296,0.29544999999999993,0.29741819699499156
0.517444300518135,0.51915,0.5167512520868114
0.6093173575129534,0.6102749999999999,0.6071836393989991
0.6481670984455957,0.6495249999999999,0.6457854757929887
0.6594054404145078,0.6603249999999999,0.6566736227045071
0.6545375647668394,0.654475,0.6515626043405671
0.6465764248704664,0.6460250000000001,0.6436786310517529
0.63179792746114,0.6304749999999999,0.628502504173622
0.5914183937823831,0.5887999999999999,0.5871510851419033
0.5082046632124356,0.5013499999999999,0.5025158597662773
0.3347759067357515,0.3226999999999999,0.326321368948247
0.055588082901554314,0.048,0.052286310517529216
0.0,0.0,0.0
0.0,0.0,0.0
0.0,0.0,0.0
0.0,0.0,0.0
0.0,0.0,0.0
0.0,0.0,0.0
0.0,0.0,0.0
0.0,0.0,0.0
0.0,0.0,0.0
0.0,0.0,0.0
0.0,0.0,0.0
0.02187694300518135,0.0295,0.028150250417362254
0.2934196891191706,0.294675,0.29780467445742886
0.5167746113989642,0.5167749999999998,0.5157746243739574
0.606415803108808,0.6057,0.6040801335559263
0.6438471502590672,0.6435749999999998,0.6417253756260437
0.6541243523316064,0.6535749999999999,0.6523088480801321
0.6482292746113985,0.647425,0.64669616026711
0.6399650259067361,0.6395,0.6386861435726214
0.6257098445595857,0.6246,0.623963272120201
0.5862901554404144,0.58365,0.5832879799666117
0.5042849740932649,0.49714999999999987,0.4995250417362279
0.3317862694300515,0.3187,0.32385308848080135
0.052867875647668414,0.045450000000000004,0.04996744574290485
0.0,0.0,0.0
0.0,0.0,0.0
0.0,0.0,0.0
0.0,0.0,0.0
0.0,0.0,0.0
0.0,0.0,0.0
0.0,0.0,0.0
0.0,0.0,0.0
0.0,0.0,0.0
0.0,0.0,0.0
0.0,0.0,0.0
0.02056865284974093,0.027775,0.026644407345575945
0.2925323834196893,0.29494999999999993,0.2968013355592656
0.5176126943005187,0.5190000000000001,0.5164782971619363
0.6086800518134718,0.6092249999999999,0.6060459098497508
0.6464715025906742,0.6468250000000001,0.6438439065108503
0.6570803108808282,0.6565249999999999,0.6545434056761259
0.6511839378238335,0.6499999999999999,0.6488388981636036
0.6422240932642475,0.6408250000000001,0.6401727879799648
0.6269974093264249,0.6246499999999999,0.6244791318864786
0.5864326424870472,0.5828749999999998,0.5827128547579301
0.5030531088082905,0.4956999999999999,0.49758096828046694
0.32813082901554413,0.3153,0.3199507512520869
0.0497007772020725,0.04255,0.0469290484140234
0.0,0.0,0.0
0.0,0.0,0.0
0.0,0.0,0.0
0.0,0.0,0.0
0.0,0.0,0.0
0.0,0.0,0.0
0.0,0.0,0.0
0.0,0.0,0.0
0.0,0.0,0.0
0.0,0.0,0.0
0.0,0.0,0.0
0.019643782383419683,0.0257,0.025388146911519183
0.2902668393782385,0.29275,0.29437061769615996
0.5176502590673576,0.518575,0.516317195325543
0.6108186528497415,0.6099749999999999,0.607885642737896
0.6500751295336784,0.6491999999999999,0.6471602671118525
0.6612759067357511,0.6596500000000001,0.6583138564273786
0.6555142487046625,0.653475,0.6525684474123532
0.6463393782383422,0.6443,0.6435525876460766
0.6305453367875649,0.6277499999999998,0.6272445742904847
0.5890984455958557,0.5852499999999999,0.5845175292153594
0.5039974093264252,0.496525,0.49776293823038353
0.32559585492227977,0.31292500000000006,0.3169515859766275
0.0468575129533679,0.04042500000000001,0.04430968280467449
0.0,0.0,0.0
0.0,0.0,0.0
0.0,0.0,0.0
0.0,0.0,0.0
0.0,0.0,0.0
0.0,0.0,0.0
0.0,0.0,0.0
0.0,0.0,0.0
0.0,0.0,0.0
0.0,0.0,0.0
0.0,0.0,0.0
0.01855051813471503,0.023100000000000002,0.024050083472454086
0.29002331606217585,0.292175,0.29388397328881477
0.5196800518134717,0.5202249999999999,0.5182145242070115
0.6133199481865285,0.6120749999999998,0.6103238731218714
0.6522227979274606,0.6505000000000001,0.6490993322203664
0.6627176165803098,0.66005,0.6596202003338888
0.6562279792746106,0.653125,0.6531101836393975
0.6466955958549221,0.643675,0.6438063439065099
0.6302733160621761,0.6269750000000001,0.6269616026711188
0.5881321243523322,0.5838249999999999,0.5836485809682812
0.5021580310880832,0.49467500000000014,0.4960909849749576
0.3218121761658034,0.30934999999999996,0.31303088480801283
0.04376554404145075,0.037825000000000004,0.041313021702838106
0.0,0.0,0.0
0.0,0.0,0.0
0.0,0.0,0.0
0.0,0.0,0.0
0.0,0.0,0.0
0.0,0.0,0.0
0.0,0.0,0.0
0.0,0.0,0.0
0.0,0.0,0.0
0.0,0.0,0.0
0.0,0.0,0.0
0.01759585492227979,0.021175000000000006,0.02295909849749583
0.28677590673575104,0.289025,0.29062270450751276
0.513830310880829,0.514075,0.5125242070116861
0.6054054404145086,0.6041999999999998,0.6027161936560951
0.6431502590673572,0.6417249999999999,0.6403681135225356
0.6532098445595854,0.6512249999999998,0.6504207011686133
0.6468186528497408,0.6446250000000002,0.6440500834724538
0.6377474093264247,0.6358499999999999,0.6352771285475778
0.622334196891192,0.6201249999999999,0.6194791318864782
0.5815051813471509,0.5785749999999998,0.5773313856427371
0.4962966321243524,0.4896749999999999,0.49039398998330597
0.315626943005181,0.303975,0.306779632721202
0.04020854922279795,0.03482500000000001,0.03793155258764609
0.0,0.0,0.0
0.0,0.0,0.0
0.0,0.0,0.0
0.0,0.0,0.0
0.0,0.0,0.0
0.0,0.0,0.0
0.0,0.0,0.0
0.0,0.0,0.0
0.0,0.0,0.0
0.0,0.0,0.0
0.0,0.0,0.0
0.01660492227979275,0.019225000000000003,0.021881469115191964
0.28408031088082947,0.28709999999999997,0.2881836393989985
0.5118989637305703,0.5129999999999999,0.511123539232053
0.6042577720207262,0.6045999999999999,0.6022170283806353
0.642550518134715,0.64205,0.6400400667779633
0.652852331606217,0.6513249999999999,0.6501010016694477
0.6464481865284964,0.6443999999999998,0.6436343906510863
0.6373860103626942,0.6355249999999998,0.6346477462437399
0.6215699481865281,0.6189500000000001,0.6183722871452427
0.5799611398963732,0.576525,0.5756953255425704
0.49399352331606233,0.48735,0.48817779632721203
0.31166839378238365,0.3005000000000001,0.302961602671119
0.03717746113989636,0.0322,0.03498414023372294
0.0,0.0,0.0
0.0,0.0,0.0
0.0,0.0,0.0
0.0,0.0,0.0
0.0,0.0,0.0
0.0,0.0,0.0
0.0,0.0,0.0
0.0,0.0,0.0
0.0,0.0,0.0
0.0,0.0,0.0
0.0,0.0,0.0
0.015829015544041453,0.01805,0.02110350584307178
0.2832163212435234,0.28705,0.2873564273789647
0.511357512953368,0.5136499999999999,0.5104799666110188
0.60370207253886,0.6042500000000001,0.6016202003338886
0.6409132124352339,0.6408749999999999,0.6386043405676128
0.6498290155440414,0.648925,0.6475016694490809
0.6422707253886007,0.6407499999999999,0.6399215358931548
0.6326256476683937,0.631175,0.6303230383973294
0.6167720207253892,0.6146249999999998,0.6139348914858107
0.5755414507772025,0.571875,0.5715292153589315
0.4901554404145072,0.48287500000000005,0.4844741235392325
0.30740673575129523,0.2948750000000001,0.29871118530884805
0.03416191709844559,0.029450000000000004,0.03219782971619367
0.0,0.0,0.0
0.0,0.0,0.0
0.0,0.0,0.0
0.0,0.0,0.0
0.0,0.0,0.0
0.0,0.0,0.0
0.0,0.0,0.0
0.0,0.0,0.0
0.0,0.0,0.0
0.0,0.0,0.0
0.0,0.0,0.0
0.014922279792746112,0.01705,0.020040901502504167
0.28108808290155485,0.28432500000000005,0.2852278797996664
0.5095725388601035,0.5107249999999999,0.5086744574290489
0.6016891191709843,0.601975,0.599582637729549
0.6385038860103631,0.6392249999999999,0.6362554257095157
0.6473665803108818,0.6479000000000001,0.6451368948247065
0.6404896373057,0.6408749999999999,0.6381327212020033
0.6317474093264256,0.6319250000000001,0.6294599332220366
0.6167111398963726,0.6158250000000001,0.6138297161936561
0.5758225388601041,0.5738000000000001,0.5715667779632723
0.48959067357512953,0.48395,0.483531719532554
0.3038536269430051,0.29232500000000006,0.2948706176961604
0.03131606217616579,0.0273,0.02958430717863104
0.0,0.0,0.0
0.0,0.0,0.0
0.0,0.0,0.0
0.0,0.0,0.0
0.0,0.0,0.0
0.0,0.0,0.0
0.0,0.0,0.0
0.0,0.0,0.0
0.0,0.0,0.0
0.0,0.0,0.0
0.0,0.0,0.0
0.014011658031088082,0.015750000000000004,0.018962437395659424
0.2795673575129534,0.28300000000000003,0.28388981636060084
0.5093367875647665,0.5102750000000001,0.5084123539232047
0.6026994818652855,0.60245,0.6004232053422377
0.6406230569948187,0.6398750000000001,0.6381577629382303
0.6507966321243523,0.6496500000000001,0.6482070116861439
0.6444028497409326,0.643375,0.6416903171953259
0.6356580310880829,0.6351499999999999,0.6330976627712855
0.6201748704663219,0.6189500000000001,0.6170659432387314
0.5782525906735752,0.5755250000000001,0.5739557595993328
0.4898238341968912,0.4832250000000001,0.4837821368948248
0.3004222797927462,0.2883750000000001,0.291408180300501
0.02883031088082902,0.025100000000000004,0.027212020033388972
0.0,0.0,0.0
0.0,0.0,0.0
0.0,0.0,0.0
0.0,0.0,0.0
0.0,0.0,0.0
0.0,0.0,0.0
0.0,0.0,0.0
0.0,0.0,0.0
0.0,0.0,0.0
0.0,0.0,0.0
0.0,0.0,0.0
0.013180051813471509,0.014275,0.01803255425709515
0.2790997409326427,0.28219999999999995,0.28344323873121857
0.5115958549222797,0.5133,0.5109482470784644
0.6066761658031092,0.6080499999999999,0.6046711185308858
0.6446321243523316,0.646475,0.6424574290484135
0.6536152849740926,0.6551750000000001,0.6513146911519188
0.6457279792746122,0.64665,0.6432979966611028
0.6357668393782382,0.6361749999999999,0.6334507512520875
0.619428756476684,0.6186249999999998,0.6165258764607686
0.576444300518135,0.5738000000000001,0.5722629382303841
0.48679274611398976,0.48047499999999993,0.4807729549248746
0.2959572538860106,0.28405,0.2869808013355594
0.026448186528497373,0.022700000000000005,0.02502170283806343
0.0,0.0,0.0
0.0,0.0,0.0
0.0,0.0,0.0
0.0,0.0,0.0
0.0,0.0,0.0
0.0,0.0,0.0
0.0,0.0,0.0
0.0,0.0,0.0
0.0,0.0,0.0
0.0,0.0,0.0
0.0,0.0,0.0
0.012391191709844561,0.01305,0.017102671118530883
0.276550518134715,0.27995000000000003,0.28103923205342235
0.5068471502590677,0.5090750000000003,0.506651919866444
0.6007124352331609,0.6027750000000001,0.5994741235392314
0.6383044041450775,0.641075,0.6370792988313857
0.6470608808290145,0.6493499999999999,0.6458906510851427
0.6390064766839377,0.6409249999999997,0.6378146911519196
0.6287176165803102,0.6304749999999999,0.6273606010016696
0.6111139896373058,0.6117250000000001,0.6090434056761277
0.5676943005181352,0.5663750000000001,0.5642303839732882
0.4782694300518134,0.4725750000000001,0.47289398998330573
0.2879404145077721,0.27665,0.2793330550918199
0.02376683937823837,0.020625000000000004,0.022502504173622706
0.0,0.0,0.0
0.0,0.0,0.0
0.0,0.0,0.0
0.0,0.0,0.0
0.0,0.0,0.0
0.0,0.0,0.0
0.0,0.0,0.0
0.0,0.0,0.0
0.0,0.0,0.0
0.0,0.0,0.0
0.0,0.0,0.0
0.0115919689119171,0.012175,0.016077629382303834
0.27359974093264267,0.277575,0.27814357262103506
0.5021386010362694,0.505175,0.5018681135225371
0.5961139896373061,0.5991500000000001,0.5944549248747922
0.6358536269430055,0.639325,0.6338797996661105
0.6475945595854923,0.6503750000000001,0.645316360601003
0.6413665803108805,0.6434499999999999,0.6389323873121877
0.6317823834196891,0.6337750000000002,0.6294031719532555
0.6149494818652854,0.6161749999999999,0.6118923205342249
0.5711852331606223,0.5705500000000001,0.56688898163606
0.4793976683937828,0.47475000000000006,0.4735283806343902
0.28452202072538896,0.2734999999999999,0.2756994991652759
0.02147927461139893,0.018824999999999998,0.020374791318864768
0.0,0.0,0.0
0.0,0.0,0.0
0.0,0.0,0.0
0.0,0.0,0.0
0.0,0.0,0.0
0.0,0.0,0.0
0.0,0.0,0.0
0.0,0.0,0.0
0.0,0.0,0.0
0.0,0.0,0.0
0.0,0.0,0.0
0.010852331606217621,0.01155,0.015029215358931543
0.27113989637305697,0.2751750000000001,0.27569282136894824
0.49820854922279795,0.5015500000000002,0.4979449081803004
0.5916295336787566,0.5942750000000001,0.5901360601001678
0.6309080310880834,0.6330499999999999,0.6292454090150245
0.6428380829015539,0.6440250000000002,0.640782971619365
0.6376269430051813,0.6384499999999999,0.6351978297161933
0.6294339378238339,0.6298499999999999,0.6269123539232042
0.6134818652849745,0.6130000000000001,0.6103063439065122
0.5697849740932643,0.5676,0.5653747913188635
0.47712305699481866,0.4714500000000001,0.4711360601001668
0.2797383419689123,0.267725,0.2708263772954926
0.01925388601036269,0.01695,0.018328046744574278
0.0,0.0,0.0
0.0,0.0,0.0
0.0,0.0,0.0
0.0,0.0,0.0
0.0,0.0,0.0
0.0,0.0,0.0
0.0,0.0,0.0
0.0,0.0,0.0
0.0,0.0,0.0
0.0,0.0,0.0
0.0,0.0,0.0
0.010265544041450777,0.011399999999999999,0.014144407345575958
0.2702422279792749,0.2745,0.27492570951586015
0.49903756476684014,0.502575,0.49895575959933236
0.5933471502590669,0.5963999999999999,0.5922061769616023
0.6322150259067358,0.635875,0.6309073455759585
0.6434455958549221,0.646475,0.6420926544240395
0.6378834196891187,0.64075,0.63633305509182
0.6296683937823838,0.6324,0.6280876460767936
0.6144494818652846,0.6163500000000002,0.612084307178631
0.5711269430051825,0.5705999999999999,0.567229549248748
0.47733290155440405,0.47319999999999995,0.4715818030050076
0.2758963730569946,0.2643249999999999,0.2669140233722873
0.01710362694300517,0.015000000000000005,0.01636143572621035
0.0,0.0,0.0
0.0,0.0,0.0
0.0,0.0,0.0
0.0,0.0,0.0
0.0,0.0,0.0
0.0,0.0,0.0
0.0,0.0,0.0
0.0,0.0,0.0
0.0,0.0,0.0
0.0,0.0,0.0
0.0,0.0,0.0
0.00889637305699482,0.010124999999999999,0.012170283806343905
0.2808639896373056,0.2850250000000001,0.28600333889816354
0.5416891191709851,0.5419249999999999,0.5416819699499162
0.6326904145077727,0.6340000000000001,0.6314357262103504
0.6647836787564766,0.6664500000000001,0.6633639398998326
0.6694352331606221,0.6707249999999998,0.6679766277128537
0.6601968911917097,0.661025,0.65861185308848
0.6510012953367876,0.6515500000000001,0.6493998330550919
0.6371256476683933,0.6368500000000001,0.6349924874791306
0.6011968911917105,0.5986999999999998,0.5978873121869794
0.5164857512953372,0.5086250000000001,0.5107796327212023
0.3205984455958554,0.30465000000000003,0.31089816360600964
0.02725388601036267,0.0225,0.02571285475792992
0.0,0.0,0.0
0.0,0.0,0.0
0.0,0.0,0.0
0.0,0.0,0.0
0.0,0.0,0.0
0.0,0.0,0.0
0.0,0.0,0.0
0.0,0.0,0.0
0.0,0.0,0.0
0.0,0.0,0.0
0.0,0.0,0.0
0.008272020725388601,0.009775,0.011333889816360604
0.27811658031088066,0.2824000000000001,0.28315692821368976
0.5397150259067347,0.5393999999999999,0.5394766277128553
0.6319378238341967,0.632475,0.6302746243739565
0.6646424870466314,0.6652,0.662705342237061
0.6693290155440411,0.6698250000000002,0.6673656093489141
0.6601450777202073,0.6610250000000002,0.6581460767946566
0.6507810880829019,0.6517,0.648946577629383
0.6361930051813465,0.636125,0.6337846410684467
0.5989637305699492,0.5966750000000001,0.5952570951585987
0.5123730569948183,0.5049499999999999,0.5062971619365599
0.3135932642487045,0.29785,0.3037787979966603
0.023909326424870446,0.020100000000000007,0.022651085141903175
0.0,0.0,0.0
0.0,0.0,0.0
0.0,0.0,0.0
0.0,0.0,0.0
0.0,0.0,0.0
0.0,0.0,0.0
0.0,0.0,0.0
0.0,0.0,0.0
0.0,0.0,0.0
0.0,0.0,0.0
0.0,0.0,0.0
0.007580310880829017,0.009425,0.010436560934891486
0.2751696891191708,0.27955,0.2799841402337228
0.5358497409326424,0.535025,0.5352971619365607
0.6278173575129534,0.62695,0.6259974958263774
0.6611683937823836,0.6594,0.6589983305509169
0.667014248704664,0.6645750000000001,0.6648564273789651
0.6591748704663206,0.6564500000000001,0.6570150250417349
0.6514365284974091,0.6488999999999999,0.6493088480801327
0.6379883419689121,0.6350749999999998,0.6354140233722871
0.6009624352331617,0.596175,0.5971986644407352
0.5130038860103628,0.5042,0.5068772954924873
0.31089248704663214,0.29472500000000007,0.300997495826377
0.021335492227979258,0.018224999999999998,0.02025375626043408
0.0,0.0,0.0
0.0,0.0,0.0
0.0,0.0,0.0
0.0,0.0,0.0
0.0,0.0,0.0
0.0,0.0,0.0
0.0,0.0,0.0
0.0,0.0,0.0
0.0,0.0,0.0
0.0,0.0,0.0
0.0,0.0,0.0
0.006990932642487045,0.008975,0.009629382303839737
0.2742098445595857,0.27835,0.2789457429048416
0.5358212435233154,0.53465,0.5352212020033389
0.6277033678756476,0.6271249999999999,0.62580550918197
0.6607292746113979,0.659875,0.658585976627712
0.6661632124352326,0.6653749999999998,0.66393489148581
0.6580958549222786,0.6568749999999999,0.6557028380634383
0.6498367875647658,0.6486250000000002,0.647510851419031
0.6364222797927463,0.6343249999999998,0.6335851419031719
0.5994028497409332,0.5954499999999998,0.5954582637729559
0.5114119170984459,0.5030250000000002,0.5051711185308863
0.3072512953367875,0.29132499999999995,0.2973021702838062
0.018762953367875642,0.016249999999999997,0.017902337228714517
0.0,0.0,0.0
0.0,0.0,0.0
0.0,0.0,0.0
0.0,0.0,0.0
0.0,0.0,0.0
0.0,0.0,0.0
0.0,0.0,0.0
0.0,0.0,0.0
0.0,0.0,0.0
0.0,0.0,0.0
0.0,0.0,0.0
0.0063497409326424845,0.00865,0.008763772954924873
0.27431088082901567,0.2784999999999999,0.27892654424040075
0.5401632124352331,0.5389250000000001,0.5392420701168621
0.6338225388601032,0.6333749999999999,0.6315267111853086
0.6666139896373051,0.6658999999999999,0.6639774624373962
0.6708018134715024,0.6699249999999998,0.6681393989983309
0.6610816062176152,0.6596750000000001,0.6583639398998324
0.6516606217616574,0.6500750000000001,0.6489632721201998
0.6368393782383421,0.6340749999999998,0.633661101836394
0.5984313471502595,0.5934,0.594142737896494
0.5089145077720211,0.4995,0.5023564273789659
0.3025453367875643,0.28655,0.2921953255425712
0.016585492227979268,0.014600000000000002,0.015909849749582632
0.0,0.0,0.0
0.0,0.0,0.0
0.0,0.0,0.0
0.0,0.0,0.0
0.0,0.0,0.0
0.0,0.0,0.0
0.0,0.0,0.0
0.0,0.0,0.0
0.0,0.0,0.0
0.0,0.0,0.0
0.0,0.0,0.0
0.00577461139896373,0.00815,0.008114357262103506
0.27352461139896384,0.27785000000000004,0.2780200333889818
0.5379015544041452,0.5362500000000001,0.5369315525876455
0.6282668393782382,0.6269000000000001,0.6262370617696158
0.6580103626943,0.6565249999999999,0.655885642737896
0.6604922279792745,0.6590499999999999,0.6584691151919856
0.6500829015544033,0.64865,0.6481160267111844
0.6400919689119168,0.6388499999999999,0.6382178631051754
0.6253212435233171,0.622875,0.622718697829716
0.5883523316062186,0.583375,0.5842821368948253
0.5011113989637299,0.49175,0.4948105175292148
0.29631865284974085,0.280575,0.2861035058430718
0.014309585492227973,0.012625,0.013803839732888122
0.0,0.0,0.0
0.0,0.0,0.0
0.0,0.0,0.0
0.0,0.0,0.0
0.0,0.0,0.0
0.0,0.0,0.0
0.0,0.0,0.0
0.0,0.0,0.0
0.0,0.0,0.0
0.0,0.0,0.0
0.0,0.0,0.0
0.0052098445595854925,0.0078,0.007469949916527544
0.27158031088082923,0.27610000000000007,0.2763697829716194
0.5313031088082906,0.5313750000000003,0.5313405676126872
0.6199727979274624,0.6209999999999999,0.6191293823038406
0.6496813471502588,0.650975,0.648680300500835
0.6527525906735747,0.6544000000000001,0.6516719532554257
0.6431398963730568,0.64495,0.6419874791318861
0.6347940414507779,0.636925,0.6335943238731213
0.62159585492228,0.6227750000000002,0.6196393989983321
0.5853290155440412,0.5839749999999999,0.5817879799666115
0.49736010362694316,0.49069999999999975,0.49140567612687885
0.28963989637305665,0.275,0.2796828046744576
0.012108808290155423,0.010025,0.011681969949916514
0.0,0.0,0.0
0.0,0.0,0.0
0.0,0.0,0.0
0.0,0.0,0.0
0.0,0.0,0.0
0.0,0.0,0.0
0.0,0.0,0.0
0.0,0.0,0.0
0.0,0.0,0.0
0.0,0.0,0.0
0.0,0.0,0.0
0.004699481865284976,0.007300000000000001,0.006760434056761268
0.26974222797927455,0.274125,0.27454006677796294
0.5294559585492231,0.5299500000000001,0.5292787979966613
0.6180194300518144,0.6198,0.6165450751252087
0.6484274611398961,0.6493249999999999,0.6465926544240397
0.6526968911917096,0.6531750000000001,0.6507145242070104
0.6437383419689117,0.6439750000000001,0.6416669449081805
0.6354028497409326,0.6355999999999999,0.6332996661101835
0.6221943005181354,0.6210749999999999,0.6193781302170285
0.5851139896373065,0.5813,0.5807829716193653
0.49544170984455993,0.48695000000000005,0.4890091819699499
0.28442616580310864,0.268875,0.27438731218697904
0.010331606217616569,0.008425000000000002,0.010005843071786293
0.0,0.0,0.0
0.0,0.0,0.0
0.0,0.0,0.0
0.0,0.0,0.0
0.0,0.0,0.0
0.0,0.0,0.0
0.0,0.0,0.0
0.0,0.0,0.0
0.0,0.0,0.0
0.0,0.0,0.0
0.0,0.0,0.0
0.0041515544041450785,0.006725,0.00604006677796327
0.26810621761658027,0.2721000000000001,0.2728764607679467
0.528698186528498,0.5279250000000001,0.5283113522537558
0.6165725388601033,0.6170249999999999,0.614873121869784
0.6444792746113986,0.6449499999999999,0.6425893155258761
0.6464455958549222,0.64695,0.6444974958263765
0.6365945595854922,0.6364249999999999,0.6345450751252081
0.6284663212435232,0.6274249999999999,0.6263722871452427
0.6158095854922284,0.6134249999999999,0.6131293823038412
0.5798873056994809,0.5748249999999999,0.5757913188647753
0.49110233160621775,0.48205,0.4849649415692815
0.2785233160621762,0.26272500000000004,0.26859599332220413
0.008660621761658023,0.007200000000000001,0.008338898163605996
0.0,0.0,0.0
0.0,0.0,0.0
0.0,0.0,0.0
0.0,0.0,0.0
0.0,0.0,0.0
0.0,0.0,0.0
0.0,0.0,0.0
0.0,0.0,0.0
0.0,0.0,0.0
0.0,0.0,0.0
0.0,0.0,0.0
0.003694300518134714,0.0062,0.005321368948247078
0.2661036269430052,0.27057500000000007,0.2709056761268784
0.5272499999999991,0.5268499999999998,0.5270425709515857
0.6173018134715025,0.6180749999999999,0.6159924874791297
0.647484455958549,0.6480750000000002,0.6460175292153572
0.6504987046632124,0.6511750000000001,0.6490734557595981
0.6409054404145071,0.6406999999999999,0.6393706176961587
0.6330841968911919,0.632125,0.6313689482470778
0.6195893782383419,0.6168,0.6169782971619361
0.5819481865284977,0.5762749999999999,0.577606844741236
0.4908303108808292,0.481175,0.4843055091819693
0.2734909326424871,0.25797499999999995,0.2634340567612692
0.007163212435233147,0.0061,0.006843071786310505
0.0,0.0,0.0
0.0,0.0,0.0
0.0,0.0,0.0
0.0,0.0,0.0
0.0,0.0,0.0
0.0,0.0,0.0
0.0,0.0,0.0
0.0,0.0,0.0
0.0,0.0,0.0
0.0,0.0,0.0
0.0,0.0,0.0
0.0031994818652849736,0.005699999999999999,0.0046519198664440745
0.2649339378238341,0.2695250000000001,0.2696569282136899
0.5276735751295345,0.527,0.5273589315525872
0.6180272020725386,0.618225,0.6164540901502502
0.6475349740932638,0.6474,0.6458130217028385
0.6500841968911912,0.649875,0.6483647746243725
0.640128238341968,0.63955,0.6383046744574297
0.6317590673575133,0.6307749999999999,0.6298430717863088
0.6172240932642489,0.614825,0.6145208681135228
0.5782150259067362,0.5726500000000001,0.5739799666110182
0.4857733160621753,0.47605000000000003,0.47943739565943216
0.2665012953367874,0.25100000000000006,0.2566068447412357
0.005935233160621754,0.005200000000000001,0.005612687813021688
0.0,0.0,0.0
0.0,0.0,0.0
0.0,0.0,0.0
0.0,0.0,0.0
0.0,0.0,0.0
0.0,0.0,0.0
0.0,0.0,0.0
0.0,0.0,0.0
0.0,0.0,0.0
0.0,0.0,0.0
0.0,0.0,0.0
0.002810880829015544,0.004975,0.0039933222036727875
0.26381217616580316,0.2685749999999999,0.26857095158597644
0.5281347150259067,0.5270250000000001,0.5276093489148584
0.6191968911917102,0.6188999999999999,0.6174649415692823
0.6484158031088086,0.6473,0.6464941569282148
0.6503911917098445,0.6489999999999998,0.6484507512520871
0.6399844559585488,0.6381749999999998,0.6379757929883126
0.6315440414507781,0.6296499999999999,0.6294983305509181
0.6169391191709851,0.6141749999999999,0.6141903171953264
0.5773924870466322,0.572525,0.5731661101836393
0.48372409326424876,0.474775,0.47730884808013263
0.26134974093264257,0.24619999999999997,0.25130717863105195
0.0046645077720207165,0.0043,0.004481636060100155
0.0,0.0,0.0
0.0,0.0,0.0
0.0,0.0,0.0
0.0,0.0,0.0
0.0,0.0,0.0
0.0,0.0,0.0
0.0,0.0,0.0
0.0,0.0,0.0
0.0,0.0,0.0
0.0,0.0,0.0
0.0,0.0,0.0
0.0024572538860103627,0.004675,0.0033739565943238722
0.26318523316062165,0.2677,0.2677654424040062
0.5275958549222791,0.5264750000000001,0.5266393989983316
0.618408031088083,0.61835,0.6162929883138571
0.647375647668394,0.64675,0.6451101836393989
0.6494753886010359,0.6486250000000002,0.6472429048414016
0.6392759067357509,0.6375749999999999,0.6369682804674452
0.6306774611398963,0.62825,0.628466611018364
0.6166968911917098,0.6129000000000001,0.6139073455759602
0.5775932642487045,0.5712499999999998,0.5733430717863109
0.483432642487047,0.47287500000000005,0.4768898163606007
0.25740155440414525,0.24155,0.24718363939899834
0.003720207253886002,0.0037000000000000006,0.003647746243739559
0.0,0.0,0.0
0.0,0.0,0.0
0.0,0.0,0.0
0.0,0.0,0.0
0.0,0.0,0.0
0.0,0.0,0.0
0.0,0.0,0.0
0.0,0.0,0.0
0.0,0.0,0.0
0.0,0.0,0.0
0.0,0.0,0.0
0.0020841968911917094,0.004175,0.0028380634390651085
0.26214507772020695,0.26699999999999996,0.26668447412353913
0.5261709844559587,0.5250500000000001,0.5250642737896503
0.6168743523316065,0.6157749999999997,0.614367278797997
0.6453121761658027,0.6430999999999998,0.6427804674457432
0.6466217616580303,0.64435,0.6442570951585982
0.6358082901554408,0.6332249999999999,0.6335041736227048
0.626882124352331,0.6238750000000002,0.6247228714524204
0.6123873056994815,0.6082249999999998,0.6097746243739576
0.5728989637305698,0.5666,0.5689449081803012
0.47819689119171,0.46769999999999995,0.4719782971619348
0.2501878238341968,0.23442499999999997,0.23999833055091807
0.0028691709844559533,0.003075,0.002839732888146901
0.0,0.0,0.0
0.0,0.0,0.0
0.0,0.0,0.0
0.0,0.0,0.0
0.0,0.0,0.0
0.0,0.0,0.0
0.0,0.0,0.0
0.0,0.0,0.0
0.0,0.0,0.0
0.0,0.0,0.0
0.0,0.0,0.0
0.0018303108808290156,0.0037000000000000006,0.0023689482470784637
0.26218911917098425,0.26712499999999995,0.26669616026711146
0.5278031088082895,0.5271500000000001,0.5267612687813013
0.6185025906735755,0.6180249999999999,0.6159716193656086
0.6465518134715021,0.644925,0.643943238731218
0.6480077720207245,0.6459500000000001,0.6456677796327199
0.6375958549222801,0.6351500000000001,0.6354223706176959
0.6293989637305707,0.6265999999999998,0.6273881469115192
0.6150971502590685,0.6107,0.6125459098497498
0.5751994818652854,0.5683,0.5710767946577624
0.47886787564766875,0.4680750000000001,0.4725133555926549
0.2463186528497409,0.23047499999999999,0.23607762938230387
0.002187823834196888,0.002125,0.0022203672787979908
0.0,0.0,0.0
0.0,0.0,0.0
0.0,0.0,0.0
0.0,0.0,0.0
0.0,0.0,0.0
0.0,0.0,0.0
0.0,0.0,0.0
0.0,0.0,0.0
0.0,0.0,0.0
0.0,0.0,0.0
0.0,0.0,0.0
0.0015246113989637307,0.00335,0.001952420701168614
0.26145466321243527,0.26645,0.26600333889816374
0.5281424870466321,0.5283,0.5269741235392325
0.6186023316062181,0.61885,0.6157913188647758
0.6454870466321252,0.644375,0.6425125208681117
0.6458445595854923,0.643975,0.642949916527546
0.634800518134714,0.6322499999999999,0.6320292153589319
0.6264753886010369,0.6236249999999999,0.6238230383973296
0.6131010362694307,0.6088500000000001,0.6098247078464103
0.5741567357512958,0.567175,0.5693472454090159
0.4775582901554406,0.4663500000000001,0.4706828046744574
0.24184585492227978,0.22587500000000005,0.23150667779632708
0.0016113989637305697,0.00165,0.0016736227045075084
0.0,0.0,0.0
0.0,0.0,0.0
0.0,0.0,0.0
0.0,0.0,0.0
0.0,0.0,0.0
0.0,0.0,0.0
0.0,0.0,0.0
0.0,0.0,0.0
0.0,0.0,0.0
0.0,0.0,0.0
0.0,0.0,0.0
0.0012409326424870468,0.0026500000000000004,0.0015834724540901499
0.26056994818652834,0.2653249999999999,0.26481552587646084
0.5284533678756472,0.52725,0.5265951585976633
0.6200272020725386,0.618225,0.6164874791318873
0.6472914507772016,0.64415,0.6437520868113532
0.648053108808291,0.6450500000000001,0.6448347245409013
0.6375246113989641,0.634525,0.6344908180300496
0.6297590673575133,0.6268249999999999,0.6269332220367281
0.6158406735751298,0.6118750000000001,0.6124590984974968
0.5755531088082908,0.5693,0.5706619365609344
0.47694559585492213,0.4659500000000002,0.46999916527545954
0.23714378238341968,0.22127500000000005,0.2266853088480801
0.0011761658031088091,0.0013249999999999998,0.0012412353923205324
0.0,0.0,0.0
0.0,0.0,0.0
0.0,0.0,0.0
0.0,0.0,0.0
0.0,0.0,0.0
0.0,0.0,0.0
0.0,0.0,0.0
0.0,0.0,0.0
0.0,0.0,0.0
0.0,0.0,0.0
0.0,0.0,0.0
0.0009494818652849744,0.0023,0.0012387312186978299
0.26007383419689084,0.26492499999999997,0.26421619365609356
0.5286606217616575,0.5277999999999998,0.5264974958263784
0.62029274611399,0.619575,0.6165442404006687
0.6470608808290157,0.6455000000000001,0.6433080133555931
0.6472098445595859,0.6456749999999999,0.6437921535893154
0.636081606217617,0.6340749999999999,0.6328464106844738
0.6278756476683948,0.625675,0.6247888146911523
0.6141321243523324,0.610675,0.610378130217029
0.5737292746113987,0.5679500000000001,0.56832470784641
0.4744831606217617,0.46392499999999987,0.4670684474123538
0.23148963730569935,0.21647499999999997,0.22101419031719535
0.0008380829015544048,0.0009750000000000002,0.0008889816360601003
0.0,0.0,0.0
0.0,0.0,0.0
0.0,0.0,0.0
0.0,0.0,0.0
0.0,0.0,0.0
0.0,0.0,0.0
0.0,0.0,0.0
0.0,0.0,0.0
0.0,0.0,0.0
0.0,0.0,0.0
0.0,0.0,0.0
0.0007098445595854923,0.002025,0.0009382303839732889
0.258863989637306,0.26407499999999995,0.26303756260434047
0.5289352331606215,0.5279,0.5269724540901508
0.6209844559585497,0.619125,0.6172721202003344
0.6470621761658025,0.6436500000000002,0.6431611018363934
0.646183937823834,0.6422999999999999,0.6423572621035062
0.6340608808290162,0.6302749999999999,0.6303539232053421
0.6253445595854925,0.6214000000000001,0.6216853088480804
0.6110751295336786,0.6060249999999998,0.6068989983305512
0.5705505181347146,0.563525,0.5650066777963271
0.47046502590673606,0.4585749999999999,0.46291986644407335
0.22443264248704636,0.209375,0.2137512520868115
0.0005466321243523321,0.0007000000000000001,0.0006327212020033393
0.0,0.0,0.0
0.0,0.0,0.0
0.0,0.0,0.0
0.0,0.0,0.0
0.0,0.0,0.0
0.0,0.0,0.0
0.0,0.0,0.0
0.0,0.0,0.0
0.0,0.0,0.0
0.0,0.0,0.0
0.0,0.0,0.0
0.0005259067357512954,0.0017500000000000003,0.000647746243739566
0.25642357512953373,0.26180000000000003,0.2606160267111853
0.5267979274611398,0.526675,0.5253322203672793
0.6203717616580321,0.6198750000000001,0.6174198664440734
0.6470492227979273,0.6455249999999999,0.6440133555926537
0.6462953367875646,0.644525,0.6434148580968276
0.634062176165804,0.63205,0.6313180300500834
0.6253367875647662,0.6230999999999999,0.6225500834724539
0.6107202072538862,0.607225,0.6072863105175287
0.5694585492227983,0.5637000000000001,0.5644265442404014
0.46855051813471515,0.457625,0.4610592654424042
0.21901683937823854,0.20480000000000004,0.20819365609348944
0.00035492227979274635,0.00045,0.000406510851419032
0.0,0.0,0.0
0.0,0.0,0.0
0.0,0.0,0.0
0.0,0.0,0.0
0.0,0.0,0.0
0.0,0.0,0.0
0.0,0.0,0.0
0.0,0.0,0.0
0.0,0.0,0.0
0.0,0.0,0.0
0.0,0.0,0.0
0.00039119170984455964,0.0014500000000000001,0.00039899833055091825
0.2563678756476685,0.2613,0.2603831385642741
0.5282940414507776,0.5279,0.5263196994991666
0.6213536269430059,0.620525,0.6177804674457429
0.6471645077720204,0.6451499999999998,0.6435450751252086
0.6464028497409331,0.6441,0.6431218697829729
0.6345155440414514,0.6323749999999999,0.6315500834724538
0.6262227979274614,0.6242499999999997,0.6234398998330559
0.6118782383419692,0.608875,0.6085759599332219
0.5704443005181349,0.565075,0.5655292153589314
0.46728756476683936,0.4566,0.4600200333889821
0.21260362694300533,0.19890000000000005,0.2022195325542573
0.00020984455958549236,0.00030000000000000003,0.00022954924874791333
0.0,0.0,0.0
0.0,0.0,0.0
0.0,0.0,0.0
0.0,0.0,0.0
0.0,0.0,0.0
0.0,0.0,0.0
0.0,0.0,0.0
0.0,0.0,0.0
0.0,0.0,0.0
0.0,0.0,0.0
0.0,0.0,0.0
0.00026424870466321246,0.001125,0.00023622704507512523
0.2548989637305697,0.26034999999999997,0.2591427378964941
0.526974093264249,0.5263499999999999,0.5254532554257093
0.621308290155441,0.6194,0.6183113522537572
0.6478173575129538,0.6453249999999999,0.64472287145242
0.6474093264248709,0.645225,0.6444424040066768
0.6358588082901551,0.633525,0.6330559265442406
0.6278316062176166,0.6255750000000001,0.6252345575959941
0.6134546632124351,0.60985,0.610348080133557
0.5712266839378239,0.5653,0.5665267111853091
0.4663134715025912,0.45500000000000007,0.459302170283806
0.20734585492227978,0.1931,0.19718697829716209
0.00012176165803108813,0.00022500000000000002,0.00012353923205342247
0.0,0.0,0.0
0.0,0.0,0.0
0.0,0.0,0.0
0.0,0.0,0.0
0.0,0.0,0.0
0.0,0.0,0.0
0.0,0.0,0.0
0.0,0.0,0.0
0.0,0.0,0.0
0.0,0.0,0.0
0.0,0.0,0.0
0.00017746113989637306,0.0007250000000000001,0.00014023372287145242
0.2564222797927458,0.2626500000000001,0.2609499165275461
0.5316230569948187,0.5325500000000001,0.530470784641068
0.6265129533678767,0.6269750000000002,0.6238472454090145
0.652143782383419,0.65185,0.6493597662771269
0.650545336787564,0.6499249999999999,0.6479006677796316
0.6376709844559585,0.6366249999999998,0.6350926544240414
0.6285867875647675,0.6272250000000001,0.6260575959933214
0.6140284974093272,0.61135,0.6108555926544251
0.5716386010362697,0.5661,0.5667746243739568
0.46523963730570056,0.4543500000000001,0.4580951585976626
0.20153626943005193,0.18725,0.19149582637729548
6.994818652849743e-05,0.0001,5.42570951585977e-05
0.0,0.0,0.0
0.0,0.0,0.0
0.0,0.0,0.0
0.0,0.0,0.0
0.0,0.0,0.0
0.0,0.0,0.0
0.0,0.0,0.0
0.0,0.0,0.0
0.0,0.0,0.0
0.0,0.0,0.0
0.0,0.0,0.0
0.00012176165803108809,0.000325,8.597662771285476e-05
0.2528251295336785,0.25814999999999994,0.25718113522537606
0.5268510362694303,0.5267,0.5258030050083464
0.6220686528497412,0.620775,0.6195075125208684
0.6475906735751296,0.6451250000000002,0.644901502504173
0.6457292746113982,0.6433000000000001,0.6431669449081795
0.6326528497409327,0.6301749999999999,0.6301828046744569
0.623483160621762,0.6208250000000002,0.621096828046745
0.6082642487046641,0.6048000000000002,0.6052979966611018
0.5652409326424871,0.5593749999999998,0.5605559265442406
0.45812305699481864,0.4473000000000001,0.45115275459098547
0.19300518134715033,0.17980000000000002,0.1831010016694492
3.367875647668395e-05,5e-05,1.836393989983306e-05
0.0,0.0,0.0
0.0,0.0,0.0
0.0,0.0,0.0
0.0,0.0,0.0
0.0,0.0,0.0
0.0,0.0,0.0
0.0,0.0,0.0
0.0,0.0,0.0
0.0,0.0,0.0
0.0,0.0,0.0
0.0,0.0,0.0
8.16062176165803e-05,0.0,4.257095158597663e-05
0.2482849740932641,0.25384999999999996,0.2525534223706178
0.5190090673575123,0.5192500000000001,0.5181569282136893
0.6142810880829016,0.613275,0.6119741235392322
0.6403510362694298,0.6385750000000001,0.6377696160267107
0.6395621761658035,0.6383,0.6370525876460762
0.6276347150259068,0.6263749999999997,0.6251327212020021
0.6195880829015551,0.6183250000000001,0.617176961602671
0.6040246113989646,0.6015749999999999,0.6009891485809687
0.5592772020725382,0.5543500000000001,0.5546752921535898
0.45013212435233124,0.44025,0.44320367278797984
0.18344948186528515,0.1703,0.17348580968280494
2.331606217616581e-05,2.5e-05,1.001669449081803e-05
0.0,0.0,0.0
0.0,0.0,0.0
0.0,0.0,0.0
0.0,0.0,0.0
0.0,0.0,0.0
0.0,0.0,0.0
0.0,0.0,0.0
0.0,0.0,0.0
0.0,0.0,0.0
0.0,0.0,0.0
0.0,0.0,0.0
5.699481865284974e-05,0.0,1.669449081803005e-05
0.24642227979274603,0.25207500000000005,0.2505684474123542
0.5174987046632125,0.5187249999999999,0.5164949916527551
0.6120362694300531,0.6120749999999999,0.6097278797996666
0.6367474093264239,0.6363999999999999,0.6345091819699502
0.6356230569948184,0.6351249999999999,0.6335333889816354
0.624022020725389,0.6231000000000001,0.6219590984974973
0.6166308290155444,0.6154750000000002,0.6145984974958272
0.601965025906736,0.5997250000000001,0.5992178631051748
0.5578264248704664,0.5529000000000001,0.5532621035058433
0.44750129533678756,0.43752499999999994,0.44050333889816345
0.17673186528497428,0.164275,0.16682721202003337
1.94300518134715e-05,5e-05,1.585976627712855e-05
0.0,0.0,0.0
0.0,0.0,0.0
0.0,0.0,0.0
0.0,0.0,0.0
0.0,0.0,0.0
0.0,0.0,0.0
0.0,0.0,0.0
0.0,0.0,0.0
0.0,0.0,0.0
0.0,0.0,0.0
0.0,0.0,0.0
3.756476683937824e-05,0.0,0.0
0.24361139896373055,0.24937500000000004,0.24774040066777972
0.514791450777202,0.5153249999999999,0.5138405676126876
0.6113626943005178,0.6105000000000002,0.6088338898163608
0.6377176165803109,0.6361000000000001,0.6350150250417352
0.6373005181347154,0.635675,0.6347120200333892
0.6254520725388601,0.6235250000000001,0.6229407345575962
0.6174494818652851,0.615375,0.6149732888146909
0.6021101036269434,0.5987750000000001,0.5990726210350591
0.5571321243523318,0.55155,0.5523530884808003
0.44465025906735794,0.43415,0.437525041736227
0.1704818652849746,0.157625,0.16081719532554245
2.7202072538860106e-05,5e-05,1.3355592654424041e-05
0.0,0.0,0.0
0.0,0.0,0.0
0.0,0.0,0.0
0.0,0.0,0.0
0.0,0.0,0.0
0.0,0.0,0.0
0.0,0.0,0.0
0.0,0.0,0.0
0.0,0.0,0.0
0.0,0.0,0.0
0.0,0.0,0.0
1.2953367875647668e-05,0.0,0.0
0.2417927461139893,0.24764999999999993,0.24569699499165296
0.5124727979274611,0.5135249999999999,0.5113622704507501
0.6082240932642495,0.60815,0.6058288814691156
0.6331256476683941,0.6324250000000001,0.6308146911519198
0.6315336787564765,0.6304749999999998,0.6294757929883136
0.6188588082901564,0.6172250000000001,0.6168572621035063
0.6102707253886022,0.6082749999999999,0.6083689482470791
0.5943847150259077,0.5911250000000001,0.5919440734557617
0.5495841968911923,0.5440499999999999,0.5453564273789638
0.43770984455958545,0.42737500000000006,0.4308664440734567
0.16349481865284993,0.1517,0.15387646076794642
1.5544041450777204e-05,0.0,8.347245409015027e-06
0.0,0.0,0.0
0.0,0.0,0.0
0.0,0.0,0.0
0.0,0.0,0.0
0.0,0.0,0.0
0.0,0.0,0.0
0.0,0.0,0.0
0.0,0.0,0.0
0.0,0.0,0.0
0.0,0.0,0.0
0.0,0.0,0.0
0.0,0.0,0.0
0.23854274611398954,0.24535000000000012,0.24247662771285503
0.5087979274611403,0.5099750000000001,0.5076711185308844
0.604193005181348,0.6037750000000001,0.6015484140233731
0.628427461139897,0.6270500000000002,0.6257287145242065
0.6268847150259069,0.6254250000000001,0.6243706176961602
0.6147538860103626,0.6132500000000001,0.6122712854757931
0.6073108808290164,0.6054750000000001,0.6047145242070117
0.5919378238341974,0.5890250000000001,0.588649415692821
0.54675,0.5415,0.5417120200333901
0.4330129533678763,0.4231250000000001,0.42564023372287196
0.15595984455958556,0.144125,0.14661519198664422
1.2953367875647668e-05,0.0,1.0851419031719533e-05
0.0,0.0,0.0
0.0,0.0,0.0
0.0,0.0,0.0
0.0,0.0,0.0
0.0,0.0,0.0
0.0,0.0,0.0
0.0,0.0,0.0
0.0,0.0,0.0
0.0,0.0,0.0
0.0,0.0,0.0
0.0,0.0,0.0
0.0,0.0,0.0
0.2339274611398966,0.23985000000000004,0.23776210350584306
0.5001904145077719,0.5003249999999999,0.4990133555926542
0.5932007772020728,0.591675,0.5905968280467455
0.6159909326424869,0.6141249999999999,0.6134090150250425
0.6144857512953371,0.6127,0.6118956594323876
0.6033367875647672,0.6015249999999999,0.6006160267111856
0.5975116580310879,0.5953499999999998,0.5946761268781314
0.5828044041450783,0.5794999999999998,0.579471619365609
0.5377137305699479,0.5321750000000002,0.5327804674457434
0.42382642487046635,0.413825,0.4166869782971617
0.14742227979274602,0.135125,0.13864023372287154
1.295336787564767e-05,0.0,5.008347245409015e-06
0.0,0.0,0.0
0.0,0.0,0.0
0.0,0.0,0.0
0.0,0.0,0.0
0.0,0.0,0.0
0.0,0.0,0.0
0.0,0.0,0.0
0.0,0.0,0.0
0.0,0.0,0.0
0.0,0.0,0.0
0.0,0.0,0.0
0.0,0.0,0.0
0.22762953367875705,0.23022500000000004,0.23015943238731199
0.45241580310880886,0.4517750000000002,0.45156427378964925
0.5571593264248705,0.5559749999999999,0.5543247078464114
0.5926722797927475,0.5911249999999999,0.5897128547579294
0.6008717616580315,0.5998000000000002,0.5979465776293826
0.592224093264249,0.5910749999999999,0.5894682804674461
0.5827240932642487,0.581075,0.5799432387312184
0.5579520725388595,0.5545249999999998,0.5544398998330549
0.49711269430051835,0.4892,0.4923480801335566
0.36456865284974094,0.3518,0.35707512520868073
0.10697020725388594,0.096075,0.10037479131886479
0.0,0.0,1.6694490818030051e-06
0.0,0.0,0.0
0.0,0.0,0.0
0.0,0.0,0.0
0.0,0.0,0.0
0.0,0.0,0.0
0.0,0.0,0.0
0.0,0.0,0.0
0.0,0.0,0.0
0.0,0.0,0.0
0.0,0.0,0.0
0.0,0.0,0.0
0.0,0.0,0.0
0.22510880829015542,0.22710000000000002,0.22762186978297194
0.44965155440414484,0.44905,0.44921118530884746
0.5552383419689121,0.5542,0.5529657762938235
0.590836787564767,0.5888750000000001,0.5883497495826386
0.5978911917098444,0.5955249999999997,0.5953288814691161
0.5877784974093272,0.5852499999999998,0.5851944908180302
0.5773160621761666,0.573975,0.5746168614357269
0.5526204663212434,0.54735,0.5491126878130209
0.49195336787564814,0.4825750000000002,0.4871994991652749
0.35968523316062195,0.3458,0.3523213689482468
0.1021981865284974,0.09122499999999997,0.09589398998330556
1.2953367875647669e-06,0.0,1.6694490818030051e-06
0.0,0.0,0.0
0.0,0.0,0.0
0.0,0.0,0.0
0.0,0.0,0.0
0.0,0.0,0.0
0.0,0.0,0.0
0.0,0.0,0.0
0.0,0.0,0.0
0.0,0.0,0.0
0.0,0.0,0.0
0.0,0.0,0.0
0.0,0.0,0.0
0.22501424870466297,0.2271,0.22707011686143602
0.45016968911917127,0.44902500000000006,0.4489974958263776
0.5556347150259064,0.5539750000000001,0.5526243739565955
0.5911515544041457,0.589025,0.588134390651085
0.5981619170984454,0.59645,0.5950651085141893
0.5880323834196891,0.5865499999999999,0.5850651085141904
0.5779145077720214,0.5760249999999999,0.5747979966611018
0.5531955958549222,0.54925,0.5492629382303833
0.49211917098445557,0.4838,0.48667362270450804
0.3586865284974093,0.34540000000000004,0.35084390651085123
0.09890025906735757,0.08865,0.09264023372287164
3.886010362694301e-06,0.0,2.5041736227045077e-06
0.0,0.0,0.0
0.0,0.0,0.0
0.0,0.0,0.0
0.0,0.0,0.0
0.0,0.0,0.0
0.0,0.0,0.0
0.0,0.0,0.0
0.0,0.0,0.0
0.0,0.0,0.0
0.0,0.0,0.0
0.0,0.0,0.0
0.0,0.0,0.0
0.2237616580310881,0.22479999999999994,0.22566110183639368
0.4495841968911918,0.44762500000000005,0.4482328881469124
0.5552655440414509,0.5530749999999999,0.5519799666110182
0.5888911917098443,0.5868999999999999,0.5855784641068457
0.5942992227979274,0.59235,0.5910350584307182
0.583339378238342,0.5815750000000001,0.5802846410684478
0.5730012953367878,0.5708,0.5700317195325547
0.5488173575129537,0.54445,0.5450358931552596
0.4878458549222794,0.4790249999999999,0.4825183639399006
0.3542707253886012,0.3405999999999999,0.3463196994991651
0.09429015544041451,0.083975,0.08805926544240415
2.5906735751295338e-06,0.0,2.5041736227045077e-06
0.0,0.0,0.0
0.0,0.0,0.0
0.0,0.0,0.0
0.0,0.0,0.0
0.0,0.0,0.0
0.0,0.0,0.0
0.0,0.0,0.0
0.0,0.0,0.0
0.0,0.0,0.0
0.0,0.0,0.0
0.0,0.0,0.0
0.0,0.0,0.0
0.22133290155440408,0.22197500000000003,0.22325626043405697
0.44693911917098467,0.4456000000000001,0.44576210350584317
0.5533769430051809,0.551325,0.55011101836394
0.5870777202072532,0.5855999999999999,0.5838564273789659
0.592506476683938,0.59135,0.5894449081803004
0.5819857512953368,0.5803250000000001,0.579219532554258
0.5717020725388602,0.569275,0.5690934891485816
0.5465168393782384,0.5421249999999999,0.543227879799666
0.4841373056994818,0.47569999999999996,0.4792871452420702
0.34918005181347195,0.33512500000000006,0.34168196994991623
0.088559585492228,0.079025,0.08298497495826379
7.772020725388602e-06,0.0,3.3388981636060103e-06
0.0,0.0,0.0
0.0,0.0,0.0
0.0,0.0,0.0
0.0,0.0,0.0
0.0,0.0,0.0
0.0,0.0,0.0
0.0,0.0,0.0
0.0,0.0,0.0
0.0,0.0,0.0
0.0,0.0,0.0
0.0,0.0,0.0
0.0,0.0,0.0
0.2188316062176165,0.21985000000000002,0.2208597662771281
0.4434818652849745,0.44354999999999994,0.44305926544240465
0.5485751295336783,0.5478500000000001,0.5462504173622708
0.5806476683937823,0.579375,0.578372287145242
0.5844093264248715,0.583075,0.5823489148580975
0.5729611398963737,0.5711999999999999,0.5710091819699502
0.5629611398963733,0.5603250000000002,0.5609081803005005
0.5390686528497404,0.534075,0.5360383973288809
0.4778613989637309,0.46887500000000004,0.4731335559265442
0.3428911917098444,0.328375,0.3353514190317191
0.08293264248704671,0.07374999999999998,0.07734307178631072
6.476683937823834e-06,0.0,2.5041736227045077e-06
0.0,0.0,0.0
0.0,0.0,0.0
0.0,0.0,0.0
0.0,0.0,0.0
0.0,0.0,0.0
0.0,0.0,0.0
0.0,0.0,0.0
0.0,0.0,0.0
0.0,0.0,0.0
0.0,0.0,0.0
0.0,0.0,0.0
0.0,0.0,0.0
0.21554404145077713,0.21729999999999997,0.21744490818030057
0.4389455958549219,0.43889999999999996,0.4386460767946584
0.5450168393782383,0.5434500000000001,0.5427913188647749
0.5790168393782381,0.5765750000000001,0.5767245409015024
0.5850751295336794,0.5825500000000001,0.5827871452420694
0.574782383419689,0.5719249999999999,0.5725534223706166
0.5651541450777203,0.5615749999999999,0.562747078464107
0.5409753886010366,0.5350999999999998,0.5376669449081797
0.47851295336787564,0.46914999999999984,0.47361435726210305
0.34111917098445566,0.32725,0.33348330550918165
0.07866450777202076,0.07004999999999999,0.07336393989983314
1.2953367875647669e-06,0.0,1.6694490818030051e-06
0.0,0.0,0.0
0.0,0.0,0.0
0.0,0.0,0.0
0.0,0.0,0.0
0.0,0.0,0.0
0.0,0.0,0.0
0.0,0.0,0.0
0.0,0.0,0.0
0.0,0.0,0.0
0.0,0.0,0.0
0.0,0.0,0.0
0.0,0.0,0.0
0.213794041450777,0.21547499999999994,0.21591736227045077
0.4373963730569947,0.4361999999999999,0.4376268781302173
0.5425971502590672,0.539375,0.5405050083472448
0.5755336787564773,0.5722249999999999,0.5731510851419039
0.5822720207253886,0.579275,0.5795575959933221
0.5731852331606213,0.5702999999999999,0.5704741235392331
0.5644611398963737,0.5607,0.5616302170283806
0.5402461139896365,0.534325,0.5367262103505838
0.4764727979274611,0.46670000000000017,0.471520868113522
0.33762953367875675,0.3236,0.3302487479131893
0.07456088082901548,0.06655,0.06949499165275468
0.0,0.0,0.0
0.0,0.0,0.0
0.0,0.0,0.0
0.0,0.0,0.0
0.0,0.0,0.0
0.0,0.0,0.0
0.0,0.0,0.0
0.0,0.0,0.0
0.0,0.0,0.0
0.0,0.0,0.0
0.0,0.0,0.0
0.0,0.0,0.0
0.0,0.0,0.0
0.21400906735751288,0.21595000000000003,0.21588647746243764
0.4387966321243523,0.43737499999999996,0.43894657762938255
0.5440453367875647,0.5424749999999999,0.5425025041736221
0.577848445595856,0.5757250000000002,0.5762637729549251
0.5844896373056999,0.5817749999999999,0.5827237061769623
0.574703367875648,0.5712999999999999,0.5727979966611033
0.5648989637305698,0.5607750000000001,0.5627378964941573
0.5406722797927456,0.5345500000000001,0.537590984974958
0.47755958549222755,0.467175,0.472597662771285
0.33768005181347144,0.323075,0.3301786310517528
0.07230958549222795,0.064525,0.06735642737896506
0.0,0.0,0.0
0.0,0.0,0.0
0.0,0.0,0.0
0.0,0.0,0.0
0.0,0.0,0.0
0.0,0.0,0.0
0.0,0.0,0.0
0.0,0.0,0.0
0.0,0.0,0.0
0.0,0.0,0.0
0.0,0.0,0.0
0.0,0.0,0.0
0.0,0.0,0.0
0.2163005181347151,0.218625,0.21753505843071816
0.4441139896373053,0.4430249999999999,0.4438555926544236
0.5502499999999999,0.5473,0.5481535893155254
0.5841062176165805,0.5804499999999999,0.5818430717863112
0.5898834196891194,0.5859749999999999,0.5874949916527543
0.5793549222797927,0.5754499999999998,0.5769373956594334
0.5692474093264246,0.5649749999999999,0.5666894824707837
0.5439222797927463,0.5379750000000001,0.5404916527545905
0.4794507772020726,0.46982500000000005,0.4741076794657766
0.33723834196891195,0.323125,0.3293939899833051
0.06924093264248707,0.06224999999999999,0.06426544240400672
0.0,0.0,0.0
0.0,0.0,0.0
0.0,0.0,0.0
0.0,0.0,0.0
0.0,0.0,0.0
0.0,0.0,0.0
0.0,0.0,0.0
0.0,0.0,0.0
0.0,0.0,0.0
0.0,0.0,0.0
0.0,0.0,0.0
0.0,0.0,0.0
0.0,0.0,0.0
0.21628626943005186,0.22054999999999997,0.2176569282136895
0.4475362694300521,0.447025,0.44711018363939853
0.5538549222797932,0.5514249999999998,0.5515651085141897
0.5855259067357531,0.5824250000000001,0.5831669449081806
0.5899443005181346,0.5868,0.5875634390651101
0.5788484455958555,0.5759999999999998,0.5764699499165273
0.5685284974093266,0.5649749999999999,0.5660292153589306
0.5430051813471503,0.5373250000000002,0.5398121869782958
0.4780479274611393,0.46850000000000014,0.4731886477462446
0.33529533678756474,0.32102500000000006,0.327717028380635
0.06640673575129534,0.059425000000000006,0.06165108514190318
0.0,0.0,0.0
0.0,0.0,0.0
0.0,0.0,0.0
0.0,0.0,0.0
0.0,0.0,0.0
0.0,0.0,0.0
0.0,0.0,0.0
0.0,0.0,0.0
0.0,0.0,0.0
0.0,0.0,0.0
0.0,0.0,0.0
0.0,0.0,0.0
0.0,0.0,0.0
0.2124740932642487,0.21690000000000004,0.21390734557596008
0.4438303108808293,0.4434,0.44401669449081854
0.5507124352331612,0.5487,0.5490617696160272
0.5818873056994825,0.5793999999999999,0.5803664440734562
0.5867370466321246,0.5839249999999998,0.5850575959933226
0.5756217616580314,0.5722999999999999,0.5739148580968285
0.5651321243523321,0.5608499999999997,0.5632262103505841
0.5399430051813464,0.5333,0.5370225375626045
0.4749028497409328,0.46422500000000005,0.4696519198664436
0.3309391191709841,0.31584999999999996,0.32313188647746216
0.06256735751295336,0.055900000000000005,0.058075125208681265
0.0,0.0,0.0
0.0,0.0,0.0
0.0,0.0,0.0
0.0,0.0,0.0
0.0,0.0,0.0
0.0,0.0,0.0
0.0,0.0,0.0
0.0,0.0,0.0
0.0,0.0,0.0
0.0,0.0,0.0
0.0,0.0,0.0
0.0,0.0,0.0
0.0,0.0,0.0
0.20499740932642455,0.21092499999999997,0.20604757929883158
0.4387098445595859,0.43752499999999983,0.43821452420701185
0.5501696891191709,0.547625,0.5475667779632721
0.5829572538860099,0.5811499999999999,0.5804390651085146
0.5867668393782384,0.5854999999999999,0.5841636060100178
0.5735854922279796,0.5726,0.570959098497496
0.5609209844559583,0.5591999999999999,0.5581302170283802
0.5327150259067359,0.5285750000000001,0.5289449081803018
0.4645829015544045,0.456325,0.45871452420701203
0.3191761658031089,0.3045750000000001,0.3106360601001669
0.057546632124352314,0.05197499999999999,0.05321619365609349
0.0,0.0,0.0
0.0,0.0,0.0
0.0,0.0,0.0
0.0,0.0,0.0
0.0,0.0,0.0
0.0,0.0,0.0
0.0,0.0,0.0
0.0,0.0,0.0
0.0,0.0,0.0
0.0,0.0,0.0
0.0,0.0,0.0
0.0,0.0,0.0
0.0,0.0,0.0
0.19516321243523319,0.20229999999999998,0.1967237061769616
0.43004015544041463,0.43034999999999995,0.4301552587646081
0.5462616580310878,0.54445,0.5437904841402345
0.581629533678756,0.5802750000000002,0.5793455759599333
0.5846528497409323,0.5841000000000001,0.5821994991652761
0.569772020725388,0.56925,0.5674106844741237
0.5571282383419687,0.5561249999999999,0.5544666110183643
0.5291761658031087,0.525475,0.5255918196994996
0.45980051813471473,0.45192499999999997,0.4541928213689478
0.31153886010362686,0.29707500000000003,0.30314607679465777
0.05265932642487051,0.04785,0.04874958263772956
0.0,0.0,0.0
0.0,0.0,0.0
0.0,0.0,0.0
0.0,0.0,0.0
0.0,0.0,0.0
0.0,0.0,0.0
0.0,0.0,0.0
0.0,0.0,0.0
0.0,0.0,0.0
0.0,0.0,0.0
0.0,0.0,0.0
0.0,0.0,0.0
0.0,0.0,0.0
0.19573834196891157,0.20364999999999997,0.19744073455759598
0.42679404145077754,0.4255,0.4272253756260432
0.5379300518134713,0.5343000000000001,0.5364207011686147
0.570572538860104,0.567225,0.5692637729549249
0.575343264248705,0.5720750000000001,0.5740158597662771
0.5640194300518124,0.5610250000000001,0.5627011686143575
0.5536917098445592,0.5499249999999999,0.5521611018363938
0.527756476683938,0.52125,0.5253063439065108
0.4604753886010359,0.45035000000000014,0.45591235392320517
0.31255051813471474,0.29724999999999996,0.3050859766277121
0.05019170984455956,0.045524999999999996,0.046477462437395665
0.0,0.0,0.0
0.0,0.0,0.0
0.0,0.0,0.0
0.0,0.0,0.0
0.0,0.0,0.0
0.0,0.0,0.0
0.0,0.0,0.0
0.0,0.0,0.0
0.0,0.0,0.0
0.0,0.0,0.0
0.0,0.0,0.0
0.0,0.0,0.0
0.0,0.0,0.0
0.19686269430051803,0.20680000000000004,0.19902671118530865
0.4314455958549226,0.43202500000000005,0.4322587646076796
0.5438251295336786,0.5417000000000002,0.5426068447412357
0.5765284974093262,0.574425,0.5753180300500833
0.580556994818653,0.57845,0.5791761268781312
0.5685181347150259,0.5664999999999999,0.5671252086811351
0.5576502590673565,0.55475,0.55599081803005
0.5316839378238332,0.526475,0.5290717863105164
0.46347279792746104,0.45489999999999997,0.45876544240400613
0.31260880829015547,0.299525,0.30485308848080134
0.04813212435233169,0.04429999999999999,0.04457679465776296
0.0,0.0,0.0
0.0,0.0,0.0
0.0,0.0,0.0
0.0,0.0,0.0
0.0,0.0,0.0
0.0,0.0,0.0
0.0,0.0,0.0
0.0,0.0,0.0
0.0,0.0,0.0
0.0,0.0,0.0
0.0,0.0,0.0
0.0,0.0,0.0
0.0,0.0,0.0
0.19300647668393786,0.2049,0.19606928213689492
0.42979145077720254,0.431075,0.4304524207011678
0.5401502590673574,0.5386500000000003,0.5384624373956592
0.5699857512953366,0.56865,0.5684398998330553
0.5732992227979278,0.5719000000000002,0.5716644407345577
0.561704663212435,0.56025,0.5600968280467453
0.5515777202072538,0.549225,0.5497170283806349
0.5259468911917096,0.5211750000000002,0.5231986644407347
0.45854015544041404,0.4498499999999999,0.4536669449081792
0.3077901554404145,0.294325,0.2998414023372288
0.04532772020725387,0.041675000000000004,0.04187228714524204
0.0,0.0,0.0
0.0,0.0,0.0
0.0,0.0,0.0
0.0,0.0,0.0
0.0,0.0,0.0
0.0,0.0,0.0
0.0,0.0,0.0
0.0,0.0,0.0
0.0,0.0,0.0
0.0,0.0,0.0
0.0,0.0,0.0
0.0,0.0,0.0
0.0,0.0,0.0
0.189481865284974,0.20240000000000005,0.19265943238731204
0.42836528497409315,0.42897500000000016,0.42881302170283814
0.5416036269430053,0.538925,0.5397545909849754
0.5727499999999998,0.570225,0.5710884808013365
0.5761152849740935,0.5742499999999999,0.5743105175292152
0.5636904145077722,0.562225,0.5619123539232057
0.5525634715025902,0.5503499999999999,0.5505292153589312
0.5260336787564769,0.521225,0.5230116861435729
0.4577253886010363,0.449275,0.4524858096828048
0.3053782383419686,0.29220000000000007,0.2972120200333887
0.042734455958549196,0.039475,0.03944991652754593
0.0,0.0,0.0
0.0,0.0,0.0
0.0,0.0,0.0
0.0,0.0,0.0
0.0,0.0,0.0
0.0,0.0,0.0
0.0,0.0,0.0
0.0,0.0,0.0
0.0,0.0,0.0
0.0,0.0,0.0
0.0,0.0,0.0
0.0,0.0,0.0
0.0,0.0,0.0
0.1875220207253887,0.20115000000000002,0.19111268781302174
0.4286891191709846,0.4302999999999999,0.4297462437395655
0.5415323834196888,0.53915,0.5406110183639407
0.5711411917098448,0.5689,0.5703580968280472
0.573449481865285,0.571725,0.5725033388981635
0.5601891191709841,0.558875,0.5591786310517525
0.5481813471502589,0.54605,0.5469181969949897
0.5209909326424874,0.5164250000000001,0.5188372287145234
0.45211787564766803,0.443675,0.44772704507512495
0.2985518134715021,0.28542499999999993,0.29070534223706207
0.0391761658031088,0.036649999999999995,0.036242904841402426
0.0,0.0,0.0
0.0,0.0,0.0
0.0,0.0,0.0
0.0,0.0,0.0
0.0,0.0,0.0
0.0,0.0,0.0
0.0,0.0,0.0
0.0,0.0,0.0
0.0,0.0,0.0
0.0,0.0,0.0
0.0,0.0,0.0
0.0,0.0,0.0
0.0,0.0,0.0
0.1808678756476682,0.194675,0.18440651085141904
0.4222085492227982,0.42452499999999993,0.42284140233722906
0.5356360103626943,0.5341249999999998,0.5341218697829713
0.5644378238341969,0.5626999999999999,0.5629933222036727
0.5663160621761661,0.5642750000000001,0.5646652754590987
0.5533147668393777,0.5510749999999998,0.5518021702838067
0.5417759067357504,0.538775,0.540068447412353
0.5151204663212435,0.509875,0.5125175292153586
0.44682772020725375,0.4382249999999999,0.44181803005008335
0.2924054404145078,0.27854999999999996,0.284128547579299
0.03624611398963732,0.0337,0.0335208681135225
0.0,0.0,0.0
0.0,0.0,0.0
0.0,0.0,0.0
0.0,0.0,0.0
0.0,0.0,0.0
0.0,0.0,0.0
0.0,0.0,0.0
0.0,0.0,0.0
0.0,0.0,0.0
0.0,0.0,0.0
0.0,0.0,0.0
0.0,0.0,0.0
0.0,0.0,0.0
0.17566839378238344,0.18920000000000003,0.17912353923205337
0.4191839378238347,0.42102500000000004,0.41912353923205425
0.5339183937823835,0.5317999999999999,0.531650250417362
0.562603626943005,0.5616,0.5603530884808008
0.564183937823834,0.5637000000000001,0.5618948247078467
0.5507940414507762,0.5502999999999999,0.5485425709515863
0.5387862694300506,0.537125,0.5363489148580959
0.5109313471502591,0.5065000000000002,0.5076869782971611
0.44125518134715036,0.4325750000000001,0.4359474123539232
0.2861373056994818,0.2714500000000001,0.2779198664440736
0.03322538860103624,0.031224999999999996,0.030739565943238695
0.0,0.0,0.0
0.0,0.0,0.0
0.0,0.0,0.0
0.0,0.0,0.0
0.0,0.0,0.0
0.0,0.0,0.0
0.0,0.0,0.0
0.0,0.0,0.0
0.0,0.0,0.0
0.0,0.0,0.0
0.0,0.0,0.0
0.0,0.0,0.0
0.0,0.0,0.0
0.16863989637305696,0.18217499999999998,0.17233305509181965
0.4125958549222806,0.41397500000000004,0.41297913188647783
0.5271088082901556,0.5244000000000001,0.5249424040066781
0.5558588082901544,0.554275,0.5537086811352241
0.5574987046632123,0.55565,0.5553247078464113
0.544291450777202,0.5419,0.5423322203672778
0.5327797927461136,0.5292000000000001,0.5307537562604318
0.5052124352331603,0.49907500000000005,0.5024265442404009
0.4358639896373059,0.42589999999999995,0.4309958263772949
0.2798613989637307,0.2648750000000001,0.2717103505843071
0.030338082901554406,0.028300000000000002,0.028042570951586004
0.0,0.0,0.0
0.0,0.0,0.0
0.0,0.0,0.0
0.0,0.0,0.0
0.0,0.0,0.0
0.0,0.0,0.0
0.0,0.0,0.0
0.0,0.0,0.0
0.0,0.0,0.0
0.0,0.0,0.0
0.0,0.0,0.0
0.0,0.0,0.0
0.0,0.0,0.0
0.1637564766839378,0.17767499999999997,0.16749999999999993
0.4086865284974092,0.41050000000000003,0.40922120200333895
0.5231826424870466,0.5205000000000001,0.5212796327212021
0.5528380829015543,0.5501000000000001,0.5507846410684467
0.5548406735751288,0.552325,0.5527662771285472
0.5419417098445591,0.5398,0.5399816360601
0.5305556994818638,0.52735,0.528460767946576
0.5028911917098448,0.4972250000000001,0.49997996661101834
0.43283290155440396,0.423825,0.42780467445742865
0.27498704663212414,0.26084999999999997,0.26655843071786295
0.027691709844559608,0.026000000000000002,0.025576794657762948
0.0,0.0,0.0
0.0,0.0,0.0
0.0,0.0,0.0
0.0,0.0,0.0
0.0,0.0,0.0
0.0,0.0,0.0
0.0,0.0,0.0
0.0,0.0,0.0
0.0,0.0,0.0
0.0,0.0,0.0
0.0,0.0,0.0
0.0,0.0,0.0
0.0,0.0,0.0
0.15751295336787546,0.17177500000000004,0.16137061769616018
0.40371113989637347,0.4061,0.4047262103505847
0.5196502590673571,0.518,0.5182762938230399
0.5496476683937824,0.5475000000000001,0.5479056761268786
0.55175,0.5494000000000002,0.5498873121869774
0.5387784974093256,0.536175,0.5370225375626037
0.5278393782383416,0.52405,0.5258313856427376
0.5003717616580313,0.49415000000000014,0.4974323873121859
0.42955310880829045,0.420225,0.42436477462437455
0.26853886010362715,0.2543750000000001,0.25996994991652717
0.02510362694300518,0.023225,0.023164440734557597
0.0,0.0,0.0
0.0,0.0,0.0
0.0,0.0,0.0
0.0,0.0,0.0
0.0,0.0,0.0
0.0,0.0,0.0
0.0,0.0,0.0
0.0,0.0,0.0
0.0,0.0,0.0
0.0,0.0,0.0
0.0,0.0,0.0
0.0,0.0,0.0
0.0,0.0,0.0
0.1507797927461138,0.16405,0.1542988313856429
0.3979585492227982,0.4002250000000001,0.39863272120200316
0.5152551813471495,0.5137000000000002,0.5138196994991647
0.546532383419689,0.5448999999999999,0.5447854757929874
0.5497720207253879,0.5481999999999999,0.5476928213689485
0.5379430051813471,0.5362750000000002,0.5357404006677792
0.5276023316062176,0.5248999999999999,0.5250250417362268
0.5007500000000003,0.495375,0.4973664440734569
0.42966968911917175,0.4206499999999999,0.42415943238731285
0.265993523316062,0.2517250000000001,0.25708013355592646
0.023724093264248684,0.022375,0.021902337228714507
0.0,0.0,0.0
0.0,0.0,0.0
0.0,0.0,0.0
0.0,0.0,0.0
0.0,0.0,0.0
0.0,0.0,0.0
0.0,0.0,0.0
0.0,0.0,0.0
0.0,0.0,0.0
0.0,0.0,0.0
0.0,0.0,0.0
0.0,0.0,0.0
0.0,0.0,0.0
0.14512694300518122,0.15805000000000002,0.14846327212020044
0.39469430051813503,0.39637500000000014,0.39541986644407373
0.5144974093264254,0.51195,0.5128948247078455
0.5460103626943008,0.5439,0.544044240400667
0.5483484455958552,0.547025,0.546000834724541
0.5349209844559585,0.5337000000000001,0.5325659432387312
0.5230310880829018,0.5205750000000001,0.5204257095158595
0.49509326424870437,0.489375,0.49173789649415645
0.4237759067357516,0.41427499999999995,0.4182479131886482
0.25990932642487,0.24615,0.25106594323873127
0.02154663212435231,0.020225,0.020013355592654433
0.0,0.0,0.0
0.0,0.0,0.0
0.0,0.0,0.0
0.0,0.0,0.0
0.0,0.0,0.0
0.0,0.0,0.0
0.0,0.0,0.0
0.0,0.0,0.0
0.0,0.0,0.0
0.0,0.0,0.0
0.0,0.0,0.0
0.0,0.0,0.0
0.0,0.0,0.0
0.13966709844559577,0.15242499999999998,0.14296744574290465
0.3908639896373058,0.39214999999999994,0.39141986644407367
0.5096450777202065,0.5065000000000001,0.5078856427378964
0.5415699481865275,0.5383500000000001,0.539474123539231
0.5448018134715021,0.5422250000000001,0.5425091819699494
0.5332409326424864,0.530625,0.5312737896494139
0.5233924870466319,0.5196,0.5212353923205341
0.4962085492227981,0.48982500000000007,0.4931502504173619
0.42403497409326374,0.41422499999999995,0.4187378964941576
0.257401554404145,0.24359999999999996,0.24870200333889836
0.020146373056994807,0.01895,0.01869198664440737
0.0,0.0,0.0
0.0,0.0,0.0
0.0,0.0,0.0
0.0,0.0,0.0
0.0,0.0,0.0
0.0,0.0,0.0
0.0,0.0,0.0
0.0,0.0,0.0
0.0,0.0,0.0
0.0,0.0,0.0
0.0,0.0,0.0
0.0,0.0,0.0
0.0,0.0,0.0
0.1364987046632124,0.15140000000000003,0.13992988313856428
0.39303626943005177,0.39587500000000003,0.39339482470784637
0.5145725388601032,0.5128750000000001,0.5123071786310519
0.5452215025906726,0.5433250000000002,0.542757929883138
0.5473665803108806,0.5454000000000001,0.5448497495826367
0.5344481865284975,0.5323249999999999,0.5320818030050084
0.5233613989637309,0.5200999999999999,0.5207362270450738
0.4957759067357514,0.49009999999999987,0.4923196994991649
0.4234430051813481,0.4144500000000001,0.41772871452420723
0.2540531088082899,0.240825,0.24510183639398986
0.018613989637305678,0.017725,0.017105175292153604
0.0,0.0,0.0
0.0,0.0,0.0
0.0,0.0,0.0
0.0,0.0,0.0
0.0,0.0,0.0
0.0,0.0,0.0
0.0,0.0,0.0
0.0,0.0,0.0
0.0,0.0,0.0
0.0,0.0,0.0
0.0,0.0,0.0
0.0,0.0,0.0
0.0,0.0,0.0
0.1310414507772019,0.146125,0.1347979966611017
0.39063471502590635,0.392875,0.3912879799666109
0.5142059585492226,0.5108499999999999,0.5122337228714522
0.5460997409326426,0.5433250000000001,0.5438706176961604
0.5495751295336787,0.5476250000000001,0.5472462437395664
0.5377823834196884,0.5362249999999998,0.5355025041736218
0.52734585492228,0.52445,0.5247262103505844
0.49856347150259067,0.4929,0.49493155258764576
0.4239494818652851,0.4147000000000001,0.41800333889816366
0.25253367875647686,0.23955,0.24334974958263741
0.01716450777202071,0.01645,0.01574540901502504
0.0,0.0,0.0
0.0,0.0,0.0
0.0,0.0,0.0
0.0,0.0,0.0
0.0,0.0,0.0
0.0,0.0,0.0
0.0,0.0,0.0
0.0,0.0,0.0
0.0,0.0,0.0
0.0,0.0,0.0
0.0,0.0,0.0
0.0,0.0,0.0
0.0,0.0,0.0
0.12670984455958542,0.1414,0.13076627712854758
0.3870932642487049,0.3885500000000001,0.3885058430717865
0.5098419689119175,0.506,0.5086460767946579
0.5415505181347147,0.5380000000000001,0.5397061769616027
0.545514248704663,0.5423500000000001,0.5432203672787975
0.5336632124352327,0.5305750000000001,0.5313363939899823
0.5226567357512958,0.518625,0.5200542570951582
0.4937927461139892,0.48699999999999993,0.4904131886477465
0.4195362694300516,0.409175,0.41394490818030066
0.24720466321243514,0.23400000000000004,0.23855509181969933
0.015340673575129528,0.014750000000000003,0.014195325542570948
0.0,0.0,0.0
0.0,0.0,0.0
0.0,0.0,0.0
0.0,0.0,0.0
0.0,0.0,0.0
0.0,0.0,0.0
0.0,0.0,0.0
0.0,0.0,0.0
0.0,0.0,0.0
0.0,0.0,0.0
0.0,0.0,0.0
0.0,0.0,0.0
0.0,0.0,0.0
0.12091450777202067,0.1358,0.12509348914858084
0.38296761658031053,0.384425,0.38423205342237093
0.5085479274611399,0.5046250000000001,0.5070851419031722
0.5410168393782382,0.53625,0.5392562604340558
0.5444494818652847,0.540675,0.5425367278797981
0.5318471502590671,0.5290000000000001,0.5300701168614347
0.5200129533678755,0.516275,0.5181101836393983
0.4910492227979275,0.4846500000000001,0.48835225375626085
0.41629533678756453,0.40635000000000004,0.4112804674457429
0.24167357512953383,0.22847500000000004,0.23337228714524177
0.013825129533678761,0.013225,0.012773789649415683
0.0,0.0,0.0
0.0,0.0,0.0
0.0,0.0,0.0
0.0,0.0,0.0
0.0,0.0,0.0
0.0,0.0,0.0
0.0,0.0,0.0
0.0,0.0,0.0
0.0,0.0,0.0
0.0,0.0,0.0
0.0,0.0,0.0
0.0,0.0,0.0
0.0,0.0,0.0
0.11240803108808298,0.12684999999999996,0.11722203672787965
0.39237694300518144,0.39147499999999996,0.3938547579298832
0.522296632124352,0.5152750000000001,0.521440734557597
0.5496632124352325,0.543725,0.5489407345575953
0.548987046632124,0.5444250000000002,0.5480300500834723
0.5346230569948175,0.5304,0.5336385642737892
0.5246541450777191,0.51925,0.5232220367278789
0.5008367875647673,0.4918000000000001,0.49815358931552606
0.4333717616580314,0.418525,0.42841235392320626
0.26549352331606185,0.24804999999999996,0.2565166944908182
0.01852331606217616,0.01825,0.017151919866444064
0.0,0.0,0.0
0.0,0.0,0.0
0.0,0.0,0.0
0.0,0.0,0.0
0.0,0.0,0.0
0.0,0.0,0.0
0.0,0.0,0.0
0.0,0.0,0.0
0.0,0.0,0.0
0.0,0.0,0.0
0.0,0.0,0.0
0.0,0.0,0.0
0.0,0.0,0.0
0.11120854922279787,0.12639999999999998,0.11634140233722874
0.39475906735751215,0.3950999999999999,0.39637061769615944
0.525230569948187,0.5186749999999999,0.5245876460767938
0.5525129533678749,0.547275,0.551847245409015
0.55250518134715,0.5490249999999999,0.5514432387312185
0.5383225388601031,0.534975,0.5371602671118525
0.5277279792746107,0.522725,0.526262103505842
0.5026826424870464,0.4941249999999999,0.5001051752921539
0.43387176165803093,0.420025,0.42906093489148606
0.2633821243523315,0.24664999999999998,0.2542721202003338
0.01685751295336787,0.01655,0.01569616026711183
0.0,0.0,0.0
0.0,0.0,0.0
0.0,0.0,0.0
0.0,0.0,0.0
0.0,0.0,0.0
0.0,0.0,0.0
0.0,0.0,0.0
0.0,0.0,0.0
0.0,0.0,0.0
0.0,0.0,0.0
0.0,0.0,0.0
0.0,0.0,0.0
0.0,0.0,0.0
0.10552202072538858,0.12257499999999999,0.1112913188647746
0.3866062176165802,0.38875,0.38865358931552585
0.518338082901554,0.5148249999999999,0.5177896494156925
0.5456334196891185,0.5430999999999999,0.5452228714524198
0.54494689119171,0.5435749999999998,0.5440951585976629
0.5305531088082892,0.529175,0.529521702838062
0.5202292746113987,0.5172000000000001,0.5188772954924876
0.4952150259067352,0.48845,0.4929090150250415
0.4262396373056994,0.41369999999999996,0.42188480801335576
0.25559326424870465,0.24010000000000006,0.24672370617696168
0.01489896373056995,0.015125,0.01393989983305508
0.0,0.0,0.0
0.0,0.0,0.0
0.0,0.0,0.0
0.0,0.0,0.0
0.0,0.0,0.0
0.0,0.0,0.0
0.0,0.0,0.0
0.0,0.0,0.0
0.0,0.0,0.0
0.0,0.0,0.0
0.0,0.0,0.0
0.0,0.0,0.0
0.0,0.0,0.0
0.09888212435233154,0.116775,0.10514273789649409
0.37898316062176185,0.38149999999999995,0.3810083472454095
0.5107266839378235,0.5065000000000002,0.5100692821368947
0.5399883419689113,0.536975,0.5387913188647736
0.5417603626942998,0.5393749999999999,0.5401444073455752
0.5288626943005179,0.526775,0.527232888146911
0.5191761658031091,0.5156499999999999,0.517306343906511
0.49417227979274636,0.48687500000000006,0.4912512520868115
0.4246904145077723,0.41174999999999995,0.4197871452420705
0.2531567357512952,0.237675,0.24387479131886486
0.01447150259067356,0.014575,0.013548414023372276
0.0,0.0,0.0
0.0,0.0,0.0
0.0,0.0,0.0
0.0,0.0,0.0
0.0,0.0,0.0
0.0,0.0,0.0
0.0,0.0,0.0
0.0,0.0,0.0
0.0,0.0,0.0
0.0,0.0,0.0
0.0,0.0,0.0
0.0,0.0,0.0
0.0,0.0,0.0
0.09319818652849743,0.110675,0.09997078464106833
0.3786463730569951,0.37967499999999993,0.38006093489148546
0.5139339378238342,0.507875,0.5124590984974953
0.5422007772020723,0.5379750000000001,0.540702003338898
0.5421968911917094,0.5399750000000001,0.540382303839733
0.5289546632124338,0.5270750000000002,0.5270225375626034
0.5195816062176165,0.51625,0.5172412353923201
0.49497150259067313,0.48760000000000014,0.49146327212020074
0.42572279792746137,0.41212499999999996,0.42028464106844715
0.2527137305699483,0.23725000000000002,0.2430450751252082
0.013957253886010362,0.01395,0.013035058430717865
0.0,0.0,0.0
0.0,0.0,0.0
0.0,0.0,0.0
0.0,0.0,0.0
0.0,0.0,0.0
0.0,0.0,0.0
0.0,0.0,0.0
0.0,0.0,0.0
0.0,0.0,0.0
0.0,0.0,0.0
0.0,0.0,0.0
0.0,0.0,0.0
0.0,0.0,0.0
0.09054792746113986,0.10985,0.09802337228714511
0.3792629533678761,0.3822,0.380627712854758
0.5167253886010355,0.512,0.515143572621035
0.5453860103626939,0.5412,0.5436544240400677
0.5458613989637299,0.543025,0.5436035058430712
0.5321230569948172,0.5297250000000001,0.529748747913188
0.5218393782383417,0.5181499999999999,0.519144407345575
0.49585103626943045,0.48862499999999986,0.49217195325542634
0.4251191709844562,0.41195000000000004,0.41952587646076833
0.25015803108808293,0.2354,0.2404048414023375
0.01284974093264248,0.013025,0.012065108514190301
0.0,0.0,0.0
0.0,0.0,0.0
0.0,0.0,0.0
0.0,0.0,0.0
0.0,0.0,0.0
0.0,0.0,0.0
0.0,0.0,0.0
0.0,0.0,0.0
0.0,0.0,0.0
0.0,0.0,0.0
0.0,0.0,0.0
0.0,0.0,0.0
0.0,0.0,0.0
0.08629922279792737,0.10575000000000001,0.09408347245409004
0.37306217616580306,0.37679999999999997,0.3741828046744577
0.510783678756477,0.507425,0.5084974958263767
0.5387215025906732,0.5367000000000001,0.5362679465776293
0.5366126943005177,0.5360750000000001,0.5340475792988311
0.5209041450777208,0.520875,0.5184607679465766
0.5095272020725384,0.507875,0.5069724540901508
0.4833769430051818,0.47780000000000006,0.4798530884808006
0.4140272020725392,0.40215000000000006,0.4086410684474125
0.24127849740932647,0.22735000000000002,0.2316794657762941
0.011423575129533669,0.011825,0.010813856427378945
0.0,0.0,0.0
0.0,0.0,0.0
0.0,0.0,0.0
0.0,0.0,0.0
0.0,0.0,0.0
0.0,0.0,0.0
0.0,0.0,0.0
0.0,0.0,0.0
0.0,0.0,0.0
0.0,0.0,0.0
0.0,0.0,0.0
0.0,0.0,0.0
0.0,0.0,0.0
0.08153497409326428,0.1012,0.08975208681135219
0.3665712435233169,0.37042500000000006,0.36797829716193703
0.5038290155440409,0.49990000000000007,0.5021527545909847
0.5312111398963728,0.5268,0.5294499165275457
0.5300466321243519,0.5270250000000001,0.528186978297161
0.5156541450777197,0.5132000000000001,0.5138998330550912
0.5054339378238342,0.5017499999999998,0.5034916527545912
0.48100388601036287,0.4739250000000001,0.4781051752921533
0.4130621761658034,0.40045000000000003,0.4082679465776291
0.23911269430051812,0.22537500000000002,0.22987813021702877
0.010782383419689102,0.01125,0.010237061769616014
0.0,0.0,0.0
0.0,0.0,0.0
0.0,0.0,0.0
0.0,0.0,0.0
0.0,0.0,0.0
0.0,0.0,0.0
0.0,0.0,0.0
0.0,0.0,0.0
0.0,0.0,0.0
0.0,0.0,0.0
0.0,0.0,0.0
0.0,0.0,0.0
0.0,0.0,0.0
0.0785246113989637,0.09792500000000001,0.0869557595993322
0.36831347150259075,0.3712749999999999,0.3700108514190317
0.5109015544041449,0.506025,0.5090208681135219
0.5402202072538864,0.5360749999999999,0.5383155258764601
0.5384689119170978,0.535875,0.536457429048414
0.5235388601036274,0.5212000000000001,0.5218355592654419
0.5133510362694301,0.5094249999999999,0.5116544240400664
0.4890181347150257,0.48119999999999996,0.48613105175292104
0.42007512953367837,0.40679999999999994,0.4150601001669454
0.24222409326424868,0.22807500000000003,0.23282220367278803
0.010440414507772012,0.0108,0.010025876460767934
0.0,0.0,0.0
0.0,0.0,0.0
0.0,0.0,0.0
0.0,0.0,0.0
0.0,0.0,0.0
0.0,0.0,0.0
0.0,0.0,0.0
0.0,0.0,0.0
0.0,0.0,0.0
0.0,0.0,0.0
0.0,0.0,0.0
0.0,0.0,0.0
0.0,0.0,0.0
0.07539248704663212,0.09542500000000001,0.08392654424040054
0.3714158031088082,0.3731749999999999,0.3733764607679474
0.5152875647668387,0.5084500000000001,0.5141752921535891
0.5418704663212428,0.536175,0.5408714524206998
0.540968911917098,0.5369250000000001,0.5396243739565932
0.5277953367875636,0.5241750000000002,0.5263263772954905
0.5185388601036258,0.51355,0.5167153589315515
0.49355699481865273,0.48457499999999987,0.4903914858096836
0.424012953367876,0.40889999999999993,0.4188180300500833
0.2446826424870467,0.22834999999999997,0.2351752921535891
0.010259067357512941,0.010475,0.009863105175292139
0.0,0.0,0.0
0.0,0.0,0.0
0.0,0.0,0.0
0.0,0.0,0.0
0.0,0.0,0.0
0.0,0.0,0.0
0.0,0.0,0.0
0.0,0.0,0.0
0.0,0.0,0.0
0.0,0.0,0.0
0.0,0.0,0.0
0.0,0.0,0.0
0.0,0.0,0.0
0.07086658031088079,0.090625,0.0789716193656093
0.3668937823834198,0.368375,0.36828380634390717
0.5111243523316069,0.5038,0.5094949916527542
0.5396360103626939,0.5325499999999999,0.5381427378964938
0.5408108808290156,0.5354500000000001,0.538940734557595
0.5283419689119169,0.5237,0.5263447412353912
0.5194391191709843,0.5138499999999999,0.5170659432387305
0.49486269430051777,0.48542500000000005,0.4909974958263769
0.4253290155440418,0.409725,0.41938647746243735
0.2445751295336788,0.2284500000000001,0.23461853088480852
0.010044041450777195,0.010325,0.009661936560934887
0.0,0.0,0.0
0.0,0.0,0.0
0.0,0.0,0.0
0.0,0.0,0.0
0.0,0.0,0.0
0.0,0.0,0.0
0.0,0.0,0.0
0.0,0.0,0.0
0.0,0.0,0.0
0.0,0.0,0.0
0.0,0.0,0.0
0.0,0.0,0.0
0.0,0.0,0.0
0.06961658031088083,0.08920000000000003,0.0774090150250417
0.3720194300518131,0.37455000000000005,0.37337813021702876
0.5216813471502597,0.516175,0.5199307178631045
0.5481152849740929,0.5433749999999999,0.5464908180300491
0.5440932642487049,0.5407750000000001,0.5425250417362268
0.5280349740932635,0.52505,0.5267170283806343
0.517639896373057,0.5127,0.5162554257095155
0.4938031088082905,0.48492500000000016,0.49106427378964795
0.425751295336788,0.41069999999999995,0.42079799666110185
0.2441645077720208,0.22937499999999997,0.2346051752921534
0.009449481865284964,0.009875,0.009162771285475775
0.0,0.0,0.0
0.0,0.0,0.0
0.0,0.0,0.0
0.0,0.0,0.0
0.0,0.0,0.0
0.0,0.0,0.0
0.0,0.0,0.0
0.0,0.0,0.0
0.0,0.0,0.0
0.0,0.0,0.0
0.0,0.0,0.0
0.0,0.0,0.0
0.0,0.0,0.0
0.06928108808290151,0.08789999999999998,0.07726961602671113
0.36880829015544037,0.372575,0.37171702838063453
0.5192461139896375,0.5136750000000001,0.5194307178631044
0.5451670984455956,0.539675,0.5453823038397324
0.5411774611398962,0.5375750000000001,0.5410868113522546
0.525992227979274,0.52295,0.525652754590984
0.515209844559585,0.5105000000000002,0.5144657762938227
0.4898108808290159,0.48087499999999983,0.4876836393989985
0.41972668393782353,0.40462499999999996,0.4155726210350589
0.23680569948186514,0.221,0.22800751252086793
0.008154145077720196,0.008450000000000003,0.00792988313856426
0.0,0.0,0.0
0.0,0.0,0.0
0.0,0.0,0.0
0.0,0.0,0.0
0.0,0.0,0.0
0.0,0.0,0.0
0.0,0.0,0.0
0.0,0.0,0.0
0.0,0.0,0.0
0.0,0.0,0.0
0.0,0.0,0.0
0.0,0.0,0.0
0.0,0.0,0.0
0.06434585492227976,0.08115,0.07218030050083468
0.3583717616580308,0.3607,0.361827212020033
0.5096606217616585,0.503175,0.5102621035058423
0.540146373056994,0.5343500000000001,0.5403121869782969
0.5396463730569948,0.5358499999999997,0.5392946577629376
0.5251839378238328,0.5220750000000001,0.5246644407345563
0.514727979274611,0.5101250000000002,0.5138013355592651
0.48889119170984513,0.48020000000000024,0.4865542570951592
0.41828497409326426,0.402875,0.41373121869783
0.23440544041450795,0.21819999999999995,0.22520283806343963
0.007932642487046618,0.008275000000000001,0.007756260434056748
0.0,0.0,0.0
0.0,0.0,0.0
0.0,0.0,0.0
0.0,0.0,0.0
0.0,0.0,0.0
0.0,0.0,0.0
0.0,0.0,0.0
0.0,0.0,0.0
0.0,0.0,0.0
0.0,0.0,0.0
0.0,0.0,0.0
0.0,0.0,0.0
0.0,0.0,0.0
0.061955958549222805,0.07884999999999999,0.06944323873121863
0.3618354922279794,0.36617500000000003,0.3638305509181961
0.5176269430051814,0.51285,0.5165242070116857
0.546485751295336,0.5429750000000001,0.5452437395659432
0.5436645077720205,0.5423499999999999,0.5424307178631049
0.5282681347150258,0.5270250000000001,0.5271819699499155
0.5178911917098437,0.514975,0.516403171953254
0.49327072538860117,0.486425,0.49016444073455817
0.42329274611399004,0.41014999999999996,0.4179590984974957
0.237511658031088,0.22425,0.2277011686143574
0.007946891191709828,0.008525000000000001,0.007691151919866434
0.0,0.0,0.0
0.0,0.0,0.0
0.0,0.0,0.0
0.0,0.0,0.0
0.0,0.0,0.0
0.0,0.0,0.0
0.0,0.0,0.0
0.0,0.0,0.0
0.0,0.0,0.0
0.0,0.0,0.0
0.0,0.0,0.0
0.0,0.0,0.0
0.0,0.0,0.0
0.06093911917098445,0.077,0.06846911519198651
0.36140673575129545,0.3655,0.3631210350584303
0.5188134715025908,0.51335,0.5172287145242069
0.5455660621761659,0.5407249999999998,0.5441535893155258
0.5412357512953365,0.5378999999999998,0.5398772954924882
0.5257189119170985,0.523225,0.5244641068447403
0.5149365284974086,0.5113749999999999,0.5134833055091815
0.4904261658031089,0.48360000000000014,0.4876861435726206
0.42127979274611427,0.40889999999999993,0.41619365609348946
0.23602979274611413,0.22347499999999995,0.22617946577629375
0.007784974093264239,0.00835,0.007554257095158591
0.0,0.0,0.0
0.0,0.0,0.0
0.0,0.0,0.0
0.0,0.0,0.0
0.0,0.0,0.0
0.0,0.0,0.0
0.0,0.0,0.0
0.0,0.0,0.0
0.0,0.0,0.0
0.0,0.0,0.0
0.0,0.0,0.0
0.0,0.0,0.0
0.0,0.0,0.0
0.05959844559585493,0.07675,0.0677754590984974
0.3576386010362694,0.36374999999999996,0.3602145242070117
0.5153665803108807,0.5120250000000001,0.5147020033388972
0.5416502590673579,0.5389999999999999,0.5410742904841399
0.5378924870466316,0.5368,0.5371268781302161
0.5236191709844553,0.52285,0.5226661101836392
0.5139170984455959,0.5113749999999999,0.5124181969949908
0.48936658031088126,0.48292499999999994,0.4864073455759602
0.4196334196891201,0.40729999999999994,0.4144357262103516
0.23350259067357518,0.2212,0.22375876460767954
0.007278497409326417,0.0077750000000000015,0.007131051752921525
0.0,0.0,0.0
0.0,0.0,0.0
0.0,0.0,0.0
0.0,0.0,0.0
0.0,0.0,0.0
0.0,0.0,0.0
0.0,0.0,0.0
0.0,0.0,0.0
0.0,0.0,0.0
0.0,0.0,0.0
0.0,0.0,0.0
0.0,0.0,0.0
0.0,0.0,0.0
0.055818652849740906,0.073075,0.06417863105175285
0.35057901554404136,0.356475,0.35272203672788016
0.5096515544041451,0.5055750000000002,0.5081853088480798
0.5367253886010364,0.5327999999999999,0.5352729549248736
0.5322784974093259,0.5304,0.5307896494156933
0.5164507772020721,0.51525,0.5149816360600995
0.5051204663212436,0.5027,0.5034841402337231
0.48007512953367876,0.47345000000000004,0.47724123539232083
0.41119170984455905,0.3985,0.40628380634390704
0.22753108808290137,0.21422499999999997,0.21791151919866453
0.006550518134715019,0.00685,0.006434891485809676
0.0,0.0,0.0
0.0,0.0,0.0
0.0,0.0,0.0
0.0,0.0,0.0
0.0,0.0,0.0
0.0,0.0,0.0
0.0,0.0,0.0
0.0,0.0,0.0
0.0,0.0,0.0
0.0,0.0,0.0
0.0,0.0,0.0
0.0,0.0,0.0
0.0,0.0,0.0
0.05270077720207252,0.07057500000000001,0.06118530884808007
0.3452759067357512,0.3502750000000001,0.3477579298831388
0.505564766839379,0.49997499999999995,0.50472287145242
0.5330712435233165,0.5280750000000001,0.5320801335559254
0.5299974093264239,0.5269999999999999,0.5288422370617692
0.5150492227979263,0.51285,0.5138948247078451
0.5045466321243522,0.5009499999999999,0.5031210350584305
0.47968652849741017,0.47212499999999996,0.47697579298831433
0.41093134715025875,0.39674999999999994,0.40603422370617653
0.2257253886010362,0.21132500000000004,0.21631969949916524
0.0060155440414507684,0.0062499999999999995,0.005882303839732881
0.0,0.0,0.0
0.0,0.0,0.0
0.0,0.0,0.0
0.0,0.0,0.0
0.0,0.0,0.0
0.0,0.0,0.0
0.0,0.0,0.0
0.0,0.0,0.0
0.0,0.0,0.0
0.0,0.0,0.0
0.0,0.0,0.0
0.0,0.0,0.0
0.0,0.0,0.0
0.05154404145077719,0.07057500000000001,0.06013439065108509
0.34245466321243506,0.3473250000000001,0.34523873121869764
0.5042707253886005,0.4986,0.5035601001669447
0.5345272020725382,0.52965,0.5333714524206999
0.533458549222797,0.5308250000000001,0.532061769616025
0.5180725388601035,0.515925,0.5166026711185302
0.5063303108808297,0.5024,0.5045575959933233
0.48070984455958593,0.47272499999999995,0.4776769616026711
0.41090025906735717,0.3969249999999999,0.40567111853088467
0.2238652849740932,0.209825,0.2142913188647746
0.0057525906735751186,0.00595,0.005552587646076782
0.0,0.0,0.0
0.0,0.0,0.0
0.0,0.0,0.0
0.0,0.0,0.0
0.0,0.0,0.0
0.0,0.0,0.0
0.0,0.0,0.0
0.0,0.0,0.0
0.0,0.0,0.0
0.0,0.0,0.0
0.0,0.0,0.0
0.0,0.0,0.0
0.0,0.0,0.0
0.04767487046632123,0.065725,0.05600500834724536
0.3374248704663216,0.3428999999999999,0.3403747913188646
0.5007940414507774,0.49562500000000015,0.5002988313856426
0.5306891191709836,0.5266,0.5297412353923189
0.5312979274611388,0.5294999999999999,0.5299257095158595
0.517601036269429,0.516425,0.5159883138564273
0.5070544041450773,0.5044,0.5050367278797998
0.48145336787564796,0.4745749999999999,0.47802253756260477
0.41148575129533743,0.39857500000000007,0.40597996661101804
0.22387305699481855,0.21075000000000005,0.21397495826377289
0.005459844559585481,0.005725,0.005310517529215348
0.0,0.0,0.0
0.0,0.0,0.0
0.0,0.0,0.0
0.0,0.0,0.0
0.0,0.0,0.0
0.0,0.0,0.0
0.0,0.0,0.0
0.0,0.0,0.0
0.0,0.0,0.0
0.0,0.0,0.0
0.0,0.0,0.0
0.0,0.0,0.0
0.0,0.0,0.0
0.04603497409326425,0.06355,0.054269616026711126
0.3325453367875647,0.33747499999999997,0.3354507512520869
0.4967927461139899,0.49087499999999995,0.49617445742904825
0.5286567357512947,0.5242249999999999,0.527689482470784
0.5292202072538849,0.526425,0.5277879799666116
0.5152059585492215,0.5131249999999999,0.5137095158597654
0.5044870466321243,0.500875,0.5026944908180302
0.47880440414507797,0.47112500000000007,0.4756686143572624
0.40855569948186515,0.39485000000000003,0.40327378964941535
0.220981865284974,0.207375,0.21129215358931555
0.005335492227979269,0.005625,0.00517779632721201
0.0,0.0,0.0
0.0,0.0,0.0
0.0,0.0,0.0
0.0,0.0,0.0
0.0,0.0,0.0
0.0,0.0,0.0
0.0,0.0,0.0
0.0,0.0,0.0
0.0,0.0,0.0
0.0,0.0,0.0
0.0,0.0,0.0
0.0,0.0,0.0
0.0,0.0,0.0
0.044477979274611404,0.06102500000000001,0.052513355592654416
0.3318082901554407,0.33722499999999994,0.3344090150250414
0.4988458549222799,0.49405,0.4978196994991648
0.5287746113989633,0.5249499999999999,0.5276677796327202
0.5264287564766837,0.5240750000000001,0.525321368948246
0.5115466321243515,0.509425,0.5104348914858092
0.500839378238342,0.4971000000000002,0.49943405676126906
0.476129533678757,0.468425,0.4732220367278808
0.40712953367875665,0.39385,0.4018564273789645
0.22019041450777208,0.207225,0.21025959933222046
0.005253886010362687,0.005625,0.005089315525876454
0.0,0.0,0.0
0.0,0.0,0.0
0.0,0.0,0.0
0.0,0.0,0.0
0.0,0.0,0.0
0.0,0.0,0.0
0.0,0.0,0.0
0.0,0.0,0.0
0.0,0.0,0.0
0.0,0.0,0.0
0.0,0.0,0.0
0.0,0.0,0.0
0.0,0.0,0.0
0.04319041450777205,0.06004999999999999,0.05103005008347244
0.33134585492227997,0.33795000000000003,0.3338998330550916
0.5006049222797927,0.4969749999999998,0.49969782971619375
0.5305323834196887,0.5280499999999999,0.5295158597662768
0.52835103626943,0.527925,0.5270517529215336
0.5144235751295325,0.514825,0.512893155258764
0.5039170984455961,0.502825,0.5019332220367289
0.4786424870466324,0.47362499999999985,0.4751944908180298
0.40864507772020736,0.39780000000000004,0.4028505843071787
0.2201295336787564,0.20895000000000002,0.20986060100166948
0.0052396373056994745,0.0056500000000000005,0.0050818030050083386
0.0,0.0,0.0
0.0,0.0,0.0
0.0,0.0,0.0
0.0,0.0,0.0
0.0,0.0,0.0
0.0,0.0,0.0
0.0,0.0,0.0
0.0,0.0,0.0
0.0,0.0,0.0
0.0,0.0,0.0
0.0,0.0,0.0
0.0,0.0,0.0
0.0,0.0,0.0
0.041248704663212434,0.057300000000000004,0.048565943238731216
0.3235220207253884,0.33114999999999994,0.325779632721202
0.49363082901554445,0.49102500000000016,0.49237395659432426
0.5243238341968902,0.52145,0.5231552587646072
0.5211554404145076,0.5211249999999998,0.5198096828046745
0.5070777202072538,0.5079,0.5056694490818028
0.4969300518134717,0.49617500000000014,0.49508681135225463
0.47186787564766963,0.46695000000000003,0.4684908180300507
0.4020790155440419,0.39135,0.39639983305509174
0.21480699481865284,0.20367499999999997,0.20468196994991655
0.004917098445595849,0.00535,0.004815525876460762
0.0,0.0,0.0
0.0,0.0,0.0
0.0,0.0,0.0
0.0,0.0,0.0
0.0,0.0,0.0
0.0,0.0,0.0
0.0,0.0,0.0
0.0,0.0,0.0
0.0,0.0,0.0
0.0,0.0,0.0
0.0,0.0,0.0
0.0,0.0,0.0
0.0,0.0,0.0
0.03893652849740931,0.054075,0.04626043405676126
0.31755181347150246,0.32485,0.32025709515859757
0.48862694300518095,0.48507499999999987,0.4877929883138568
0.5220194300518128,0.5194500000000002,0.5209315525876448
0.5225129533678752,0.5220500000000001,0.5208414023372292
0.5078432642487042,0.50765,0.5059298831385629
0.496059585492228,0.49437499999999995,0.4937262103505846
0.4690142487046635,0.46357500000000007,0.4652120200333902
0.39766968911917133,0.3862500000000001,0.39158013355592647
0.21014637305699482,0.19915,0.19983722871452417
0.004642487046632117,0.004975,0.004500834724540894
0.0,0.0,0.0
0.0,0.0,0.0
0.0,0.0,0.0
0.0,0.0,0.0
0.0,0.0,0.0
0.0,0.0,0.0
0.0,0.0,0.0
0.0,0.0,0.0
0.0,0.0,0.0
0.0,0.0,0.0
0.0,0.0,0.0
0.0,0.0,0.0
0.0,0.0,0.0
0.035177461139896365,0.048575,0.04207929883138568
0.3052888601036272,0.3125249999999999,0.3075834724540896
0.4749145077720215,0.4715750000000001,0.4734599332220372
0.5083134715025902,0.506125,0.5064549248747904
0.5079287564766833,0.507175,0.5057345575959931
0.4934417098445593,0.49322499999999997,0.49116527545909844
0.48189248704663185,0.48025,0.47939232053422437
0.45481217616580333,0.449575,0.45112938230383903
0.3850725388601042,0.3738250000000001,0.37914023372287137
0.2020556994818652,0.19162499999999996,0.1920968280467446
0.004173575129533673,0.004675,0.004043405676126872
0.0,0.0,0.0
0.0,0.0,0.0
0.0,0.0,0.0
0.0,0.0,0.0
0.0,0.0,0.0
0.0,0.0,0.0
0.0,0.0,0.0
0.0,0.0,0.0
0.0,0.0,0.0
0.0,0.0,0.0
0.0,0.0,0.0
0.0,0.0,0.0
0.0,0.0,0.0
0.032636010362694326,0.04522500000000001,0.03944574290484142
0.300264248704663,0.3070749999999999,0.30266026711185284
0.4708173575129537,0.4675249999999999,0.46937228714524304
0.5041437823834195,0.5019750000000001,0.5021844741235397
0.5034274611398959,0.5028999999999998,0.5013823038397328
0.4894339378238341,0.4893249999999999,0.4874724540901508
0.47825647668393856,0.47634999999999994,0.47612437395659496
0.4516930051813471,0.44595,0.44843322203672775
0.3826450777202079,0.37097499999999994,0.377080133555926
0.1993601036269433,0.18845000000000006,0.18994824707846433
0.004023316062176162,0.0043749999999999995,0.0039031719532554177
0.0,0.0,0.0
0.0,0.0,0.0
0.0,0.0,0.0
0.0,0.0,0.0
0.0,0.0,0.0
0.0,0.0,0.0
0.0,0.0,0.0
0.0,0.0,0.0
0.0,0.0,0.0
0.0,0.0,0.0
0.0,0.0,0.0
0.0,0.0,0.0
0.0,0.0,0.0
0.02979404145077719,0.04105,0.036321368948247085
0.2925595854922281,0.29875000000000007,0.2951828046744574
0.4636036269430056,0.4593000000000001,0.4626535893155261
0.4994494818652851,0.4961499999999998,0.49822454090150237
0.5002396373056993,0.4985249999999999,0.49874540901502407
0.4867448186528497,0.48575000000000007,0.4851569282136905
0.47595725388601096,0.47352499999999986,0.4741452420701176
0.45054145077720215,0.4438750000000001,0.44747746243739556
0.3825440414507773,0.37042500000000006,0.37715776293823083
0.20026424870466342,0.18915000000000004,0.19083722871452433
0.004205958549222792,0.00475,0.004138564273789637
0.0,0.0,0.0
0.0,0.0,0.0
0.0,0.0,0.0
0.0,0.0,0.0
0.0,0.0,0.0
0.0,0.0,0.0
0.0,0.0,0.0
0.0,0.0,0.0
0.0,0.0,0.0
0.0,0.0,0.0
0.0,0.0,0.0
0.0,0.0,0.0
0.0,0.0,0.0
0.028033678756476693,0.037925,0.033999999999999996
0.29478367875647693,0.3013000000000001,0.2972245409015022
0.46985233160621864,0.465125,0.46867278797996803
0.5059054404145079,0.50165,0.5046853088480793
0.5067448186528497,0.5044000000000002,0.5051853088480794
0.49363341968911945,0.492225,0.4919624373956593
0.4832603626943006,0.480575,0.48124791318864885
0.4582746113989644,0.4518749999999998,0.4549883138564274
0.3899481865284974,0.3777750000000001,0.38427879799666087
0.2053251295336786,0.1944,0.1954023372287143
0.004396373056994813,0.004974999999999999,0.0042637729549248665
0.0,0.0,0.0
0.0,0.0,0.0
0.0,0.0,0.0
0.0,0.0,0.0
0.0,0.0,0.0
0.0,0.0,0.0
0.0,0.0,0.0
0.0,0.0,0.0
0.0,0.0,0.0
0.0,0.0,0.0
0.0,0.0,0.0
0.0,0.0,0.0
0.0,0.0,0.0
0.02597279792746114,0.03365,0.03178964941569281
0.3059676165803114,0.3157500000000001,0.308747078464107
0.4999158031088077,0.49849999999999994,0.4982520868113515
0.531071243523316,0.529775,0.5291569282136878
0.5254676165803104,0.5256750000000002,0.5235792988313851
0.508234455958549,0.5088999999999999,0.5064282136894827
0.49894559585492293,0.49824999999999997,0.4969891485809686
0.48103238341968924,0.4770999999999998,0.47787813021702863
0.4211878238341973,0.41307499999999997,0.4155534223706173
0.2385906735751295,0.22952499999999998,0.22837061769616032
0.00856735751295336,0.0089,0.00807262103505842
0.0,0.0,0.0
0.0,0.0,0.0
0.0,0.0,0.0
0.0,0.0,0.0
0.0,0.0,0.0
0.0,0.0,0.0
0.0,0.0,0.0
0.0,0.0,0.0
0.0,0.0,0.0
0.0,0.0,0.0
0.0,0.0,0.0
0.0,0.0,0.0
0.0,0.0,0.0
0.024422279792746117,0.031424999999999995,0.030080968280467458
0.30283419689119156,0.31300000000000006,0.3057237061769614
0.49738989637305686,0.496375,0.4959457429048412
0.5269987046632113,0.5261750000000001,0.5254190317195317
0.519886010362694,0.521075,0.5182186978297153
0.5027797927461146,0.5041749999999999,0.5010734557595987
0.49330440414507754,0.4934249999999999,0.4912787979966615
0.4746424870466321,0.47165,0.4714348914858088
0.41496113989637234,0.407525,0.40939565943238765
0.2351139896373057,0.22640000000000002,0.22492404006677758
0.008563471502590667,0.008975,0.008080133555926534
0.0,0.0,0.0
0.0,0.0,0.0
0.0,0.0,0.0
0.0,0.0,0.0
0.0,0.0,0.0
0.0,0.0,0.0
0.0,0.0,0.0
0.0,0.0,0.0
0.0,0.0,0.0
0.0,0.0,0.0
0.0,0.0,0.0
0.0,0.0,0.0
0.0,0.0,0.0
0.022650259067357528,0.029674999999999997,0.028497495826377284
0.2970207253886009,0.308175,0.3002295492487481
0.49210751295336824,0.4918,0.49087479131886524
0.5240764248704659,0.52325,0.5224240400667777
0.5197370466321236,0.5203749999999999,0.5177838063439063
0.5031360103626945,0.5043249999999999,0.5010075125208684
0.49312564766839384,0.4930249999999998,0.4907412353923215
0.4739961139896377,0.4701000000000001,0.47042654424040126
0.4136930051813472,0.4059500000000001,0.40770868113522535
0.23342357512953366,0.22445000000000004,0.2230742904841406
0.008472797927461133,0.008825,0.007994156928213687
0.0,0.0,0.0
0.0,0.0,0.0
0.0,0.0,0.0
0.0,0.0,0.0
0.0,0.0,0.0
0.0,0.0,0.0
0.0,0.0,0.0
0.0,0.0,0.0
0.0,0.0,0.0
0.0,0.0,0.0
0.0,0.0,0.0
0.0,0.0,0.0
0.0,0.0,0.0
0.02035751295336787,0.026649999999999997,0.026264607679465774
0.29349740932642493,0.303375,0.29648247078464113
0.49050906735751326,0.48877500000000024,0.4892120200333895
0.522041450777202,0.5199750000000001,0.520535893155258
0.5162590673575121,0.515475,0.5146402337228707
0.49916839378238387,0.49917499999999987,0.49742570951586046
0.48976036269430057,0.48897499999999994,0.4876803005008353
0.4727759067357514,0.46869999999999995,0.4693906510851425
0.41541450777202044,0.4069750000000001,0.40960517529215285
0.23685880829015546,0.227475,0.2266093489148584
0.008703367875647664,0.0091,0.008199499165275447
0.0,0.0,0.0
0.0,0.0,0.0
0.0,0.0,0.0
0.0,0.0,0.0
0.0,0.0,0.0
0.0,0.0,0.0
0.0,0.0,0.0
0.0,0.0,0.0
0.0,0.0,0.0
0.0,0.0,0.0
0.0,0.0,0.0
0.0,0.0,0.0
0.0,0.0,0.0
0.017959844559585488,0.023925000000000002,0.023762938230383973
0.2893950777202073,0.29872499999999996,0.2915934891485815
0.4881839378238339,0.48605,0.48584974958263744
0.5208613989637306,0.5186999999999999,0.5180767946577627
0.5160854922279795,0.51555,0.5131669449081795
0.4996463730569955,0.4999249999999999,0.49684390651085136
0.4903976683937814,0.4898250000000002,0.48745659432387434
0.47320207253886004,0.4694750000000001,0.46909348914858146
0.4158354922279791,0.40837500000000004,0.4095325542570956
0.23823963730569958,0.22952499999999998,0.2273906510851415
0.009173575129533667,0.00945,0.008597662771285467
0.0,0.0,0.0
0.0,0.0,0.0
0.0,0.0,0.0
0.0,0.0,0.0
0.0,0.0,0.0
0.0,0.0,0.0
0.0,0.0,0.0
0.0,0.0,0.0
0.0,0.0,0.0
0.0,0.0,0.0
0.0,0.0,0.0
0.0,0.0,0.0
0.0,0.0,0.0
0.01687564766839379,0.022275,0.023311352253756263
0.2897033678756476,0.29942499999999994,0.2926202003338899
0.49219818652849767,0.490475,0.4907312186978303
0.5249106217616575,0.5230250000000003,0.5233505843071773
0.520465025906735,0.5201250000000002,0.5187262103505837
0.5041243523316055,0.5045500000000002,0.5023138564273785
0.4947253886010361,0.49427500000000013,0.49268697829716224
0.47767616580310884,0.4741249999999999,0.47440901502504135
0.42002720207253846,0.41255,0.4143597662771287
0.24070207253886056,0.23242499999999996,0.2302863105175294
0.009251295336787554,0.009525,0.008700333889816354
0.0,0.0,0.0
0.0,0.0,0.0
0.0,0.0,0.0
0.0,0.0,0.0
0.0,0.0,0.0
0.0,0.0,0.0
0.0,0.0,0.0
0.0,0.0,0.0
0.0,0.0,0.0
0.0,0.0,0.0
0.0,0.0,0.0
0.0,0.0,0.0
0.0,0.0,0.0
0.015572538860103628,0.021525,0.02216611018363939
0.2855803108808289,0.29635,0.2890233722871453
0.4887966321243523,0.4871,0.48766110183639483
0.5225038860103625,0.5203750000000003,0.5210383973288806
0.5180453367875645,0.5176499999999999,0.516426544240399
0.5020090673575138,0.5021499999999999,0.5003038397328874
0.4928808290155441,0.492,0.49096828046744656
0.47597020725388633,0.4718499999999999,0.47290734557595987
0.41820336787564827,0.40970000000000006,0.41268781302170304
0.23940414507772032,0.23007500000000003,0.22926961602671125
0.00919559585492227,0.00935,0.008640233722871447
0.0,0.0,0.0
0.0,0.0,0.0
0.0,0.0,0.0
0.0,0.0,0.0
0.0,0.0,0.0
0.0,0.0,0.0
0.0,0.0,0.0
0.0,0.0,0.0
0.0,0.0,0.0
0.0,0.0,0.0
0.0,0.0,0.0
0.0,0.0,0.0
0.0,0.0,0.0
0.01395854922279792,0.019499999999999997,0.020101836393989984
0.28240932642487054,0.2922750000000001,0.28564273789649436
0.4879650259067361,0.4863249999999999,0.4868196994991657
0.5212020725388598,0.5190750000000002,0.519918196994991
0.5152720207253881,0.5152000000000001,0.513783806343905
0.4994533678756474,0.4997999999999999,0.4978196994991647
0.4906800518134718,0.4897500000000001,0.4886661101836396
0.47372150259067425,0.469275,0.47047913188647755
0.41697538860103694,0.40845000000000004,0.41139482470784655
0.24143782383419687,0.23194999999999996,0.23112854757929902
0.009751295336787561,0.01,0.009169449081802996
0.0,0.0,0.0
0.0,0.0,0.0
0.0,0.0,0.0
0.0,0.0,0.0
0.0,0.0,0.0
0.0,0.0,0.0
0.0,0.0,0.0
0.0,0.0,0.0
0.0,0.0,0.0
0.0,0.0,0.0
0.0,0.0,0.0
0.0,0.0,0.0
0.0,0.0,0.0
0.012784974093264248,0.018224999999999998,0.018696160267111853
0.2837007772020724,0.2931250000000001,0.2866636060100168
0.4925129533678751,0.4902000000000001,0.4904958263772948
0.524044041450776,0.520775,0.5217028380634386
0.5171994818652849,0.5151000000000001,0.5149782971619361
0.5009766839378248,0.4995250000000002,0.4988547579298834
0.4924818652849746,0.4901750000000001,0.4901393989983305
0.47695854922279857,0.4715249999999999,0.47340233722871555
0.4226152849740933,0.41324999999999995,0.4165959933222037
0.24734326424870476,0.23742499999999994,0.23659766277128558
0.010467616580310875,0.0105,0.009775459098497493
0.0,0.0,0.0
0.0,0.0,0.0
0.0,0.0,0.0
0.0,0.0,0.0
0.0,0.0,0.0
0.0,0.0,0.0
0.0,0.0,0.0
0.0,0.0,0.0
0.0,0.0,0.0
0.0,0.0,0.0
0.0,0.0,0.0
0.0,0.0,0.0
0.0,0.0,0.0
0.011752590673575128,0.017249999999999998,0.017366444073455757
0.2824300518134716,0.29184999999999994,0.2850000000000001
0.497136010362694,0.495575,0.4944841402337231
0.5323549222797928,0.530075,0.5293722871452416
0.5261463730569936,0.525575,0.523262103505842
0.5091049222797926,0.5087750000000001,0.5063005008347261
0.49987694300518126,0.498525,0.49698664440734547
0.48437823834196914,0.47982500000000006,0.48035559265442374
0.4298860103626941,0.4215000000000001,0.4234782971619369
0.25323575129533654,0.24397499999999997,0.24221619365609331
0.011255181347150254,0.01125,0.010550918196994993
0.0,0.0,0.0
0.0,0.0,0.0
0.0,0.0,0.0
0.0,0.0,0.0
0.0,0.0,0.0
0.0,0.0,0.0
0.0,0.0,0.0
0.0,0.0,0.0
0.0,0.0,0.0
0.0,0.0,0.0
0.0,0.0,0.0
0.0,0.0,0.0
0.0,0.0,0.0
0.010594559585492231,0.015500000000000003,0.015760434056761273
0.2823290155440418,0.2926749999999999,0.28514607679465775
0.5021437823834194,0.50135,0.4996227045075126
0.5386165803108808,0.5370750000000003,0.5358163606010008
0.5321360103626939,0.531925,0.5294983305509172
0.5139805699481864,0.5139750000000001,0.5115901502504165
0.5032253886010367,0.5018750000000001,0.5008188647746242
0.486196891191709,0.48130000000000017,0.4828280467445739
0.43061787564766885,0.42230000000000006,0.42485225375626046
0.25310880829015536,0.24325000000000002,0.24253255425709486
0.010968911917098445,0.0111,0.010350584307178624
0.0,0.0,0.0
0.0,0.0,0.0
0.0,0.0,0.0
0.0,0.0,0.0
0.0,0.0,0.0
0.0,0.0,0.0
0.0,0.0,0.0
0.0,0.0,0.0
0.0,0.0,0.0
0.0,0.0,0.0
0.0,0.0,0.0
0.0,0.0,0.0
0.0,0.0,0.0
0.009919689119170984,0.015125,0.015101001669449074
0.27391450777202037,0.28394999999999987,0.27760016694490747
0.4870453367875654,0.48435000000000006,0.486249582637731
0.5236709844559583,0.5192499999999998,0.5220484140233721
0.5169391191709837,0.5145250000000001,0.5150943238731204
0.49842487046632,0.49697499999999994,0.4968096828046749
0.48676943005181444,0.4845,0.4852612687813023
0.4692292746113991,0.4639500000000002,0.4668013355592654
0.4134417098445597,0.404,0.4088823038397335
0.24040414507772023,0.22995000000000002,0.23144240400667807
0.010437823834196877,0.010525,0.009898998330550917
0.0,0.0,0.0
0.0,0.0,0.0
0.0,0.0,0.0
0.0,0.0,0.0
0.0,0.0,0.0
0.0,0.0,0.0
0.0,0.0,0.0
0.0,0.0,0.0
0.0,0.0,0.0
0.0,0.0,0.0
0.0,0.0,0.0
0.0,0.0,0.0
0.0,0.0,0.0
0.007949481865284972,0.012975,0.012025876460767946
0.25812305699481847,0.26585,0.26062186978297164
0.46896502590673633,0.4651249999999999,0.46719198664440775
0.5112448186528494,0.5073000000000001,0.5090517529215356
0.5075829015544044,0.5059,0.5052504173622699
0.49045466321243497,0.48945000000000005,0.4880200333889815
0.479151554404145,0.47735000000000005,0.47650000000000037
0.4608380829015549,0.45554999999999995,0.45689398998330544
0.40266191709844584,0.39332500000000004,0.3964323873121871
0.23268264248704634,0.22359999999999997,0.222348080133556
0.01093005181347149,0.011025,0.010262103505843067
0.0,0.0,0.0
0.0,0.0,0.0
0.0,0.0,0.0
0.0,0.0,0.0
0.0,0.0,0.0
0.0,0.0,0.0
0.0,0.0,0.0
0.0,0.0,0.0
0.0,0.0,0.0
0.0,0.0,0.0
0.0,0.0,0.0
0.0,0.0,0.0
0.0,0.0,0.0
0.006972797927461141,0.01235,0.010536727879799663
0.25260103626943003,0.26165000000000005,0.2542913188647744
0.4648121761658034,0.462025,0.4620767946577632
0.5069261658031082,0.503225,0.5039232053422377
0.5030634715025903,0.5016500000000002,0.4999298831385645
0.48762694300518183,0.4876500000000001,0.4842988313856425
0.47788082901554396,0.4773249999999999,0.4742587646076802
0.4605790155440413,0.45664999999999994,0.4556719532554257
0.4036761658031085,0.3957999999999999,0.39651669449081867
0.23639119170984446,0.2279,0.2253055091819701
0.012151554404145072,0.0122,0.01146661101836393
0.0,0.0,0.0
0.0,0.0,0.0
0.0,0.0,0.0
0.0,0.0,0.0
0.0,0.0,0.0
0.0,0.0,0.0
0.0,0.0,0.0
0.0,0.0,0.0
0.0,0.0,0.0
0.0,0.0,0.0
0.0,0.0,0.0
0.0,0.0,0.0
0.0,0.0,0.0
0.006164507772020726,0.011725,0.00929966611018364
0.2516839378238342,0.26170000000000015,0.25282387312186977
0.4649831606217614,0.463175,0.4610759599332224
0.5068199481865281,0.504775,0.5027128547579296
0.503120466321244,0.502825,0.4990976627712855
0.48806735751295294,0.488325,0.48417195325542667
0.47931865284974146,0.47885,0.4752979966611018
0.4637046632124355,0.46009999999999984,0.4583530884808009
0.40865025906735736,0.4010000000000001,0.400957429048415
0.2415634715025909,0.23315000000000005,0.23000083472454114
0.012705958549222785,0.0126,0.011862270450751266
0.0,0.0,0.0
0.0,0.0,0.0
0.0,0.0,0.0
0.0,0.0,0.0
0.0,0.0,0.0
0.0,0.0,0.0
0.0,0.0,0.0
0.0,0.0,0.0
0.0,0.0,0.0
0.0,0.0,0.0
0.0,0.0,0.0
0.0,0.0,0.0
0.0,0.0,0.0
0.005836787564766837,0.011975,0.008693656093489153
0.2535259067357512,0.2636750000000001,0.25531636060100144
0.47002849740932556,0.4681750000000001,0.467335559265443
0.5132487046632124,0.51065,0.5103789649415692
0.5100025906735758,0.5095500000000001,0.5070258764607687
0.4939365284974091,0.49429999999999996,0.49090233722871474
0.4838121761658034,0.4836500000000001,0.4805918196994986
0.4677240932642492,0.46412499999999995,0.46332721202003313
0.41324870466321273,0.4056,0.4065734557595999
0.24617357512953375,0.23740000000000006,0.23531469115191966
0.01302720207253887,0.012725000000000004,0.01209515859766277
0.0,0.0,0.0
0.0,0.0,0.0
0.0,0.0,0.0
0.0,0.0,0.0
0.0,0.0,0.0
0.0,0.0,0.0
0.0,0.0,0.0
0.0,0.0,0.0
0.0,0.0,0.0
0.0,0.0,0.0
0.0,0.0,0.0
0.0,0.0,0.0
0.0,0.0,0.0
0.005226683937823834,0.011699999999999999,0.0076227045075125234
0.25806865284974073,0.2689500000000001,0.2606051752921534
0.4800971502590672,0.47850000000000004,0.47761936560934937
0.5227176165803096,0.5204,0.520088480801335
0.5185310880829002,0.5181,0.5160818030050076
0.503240932642487,0.5034749999999999,0.5006544240400674
0.49380181347150287,0.49335000000000023,0.4910467445742903
0.4786386010362689,0.47479999999999994,0.4746260434056761
0.42515544041450715,0.41725,0.4187679465776293
0.2558626943005179,0.2463499999999999,0.2449040066777964
0.013863989637305698,0.013474999999999997,0.012859766277128539
0.0,0.0,0.0
0.0,0.0,0.0
0.0,0.0,0.0
0.0,0.0,0.0
0.0,0.0,0.0
0.0,0.0,0.0
0.0,0.0,0.0
0.0,0.0,0.0
0.0,0.0,0.0
0.0,0.0,0.0
0.0,0.0,0.0
0.0,0.0,0.0
0.0,0.0,0.0
0.0048199481865284985,0.011774999999999999,0.007090984974958263
0.2608510362694301,0.27312500000000006,0.26379465776293864
0.48609585492227947,0.48637500000000006,0.483874791318866
0.528284974093264,0.527525,0.5258388981636055
0.5224468911917093,0.5232750000000002,0.51991736227045
0.5042396373056995,0.505225,0.5017195325542564
0.49235103626943,0.4925750000000001,0.4898572621035056
0.47530440414507763,0.47235000000000016,0.47189232053422486
0.4223329015544042,0.415325,0.416762938230384
0.2560453367875646,0.24695000000000006,0.24571368948247102
0.014200777202072527,0.013800000000000002,0.013186143572621031
0.0,0.0,0.0
0.0,0.0,0.0
0.0,0.0,0.0
0.0,0.0,0.0
0.0,0.0,0.0
0.0,0.0,0.0
0.0,0.0,0.0
0.0,0.0,0.0
0.0,0.0,0.0
0.0,0.0,0.0
0.0,0.0,0.0
0.0,0.0,0.0
0.0,0.0,0.0
0.004125647668393781,0.011224999999999999,0.0060634390651085135
0.25812435233160635,0.26892499999999997,0.2610918196994998
0.4824559585492227,0.48082499999999995,0.480843071786311
0.5242823834196889,0.5213749999999999,0.5223021702838062
0.5182668393782387,0.517225,0.516239565943239
0.5014909326424872,0.5009750000000002,0.49957262103505895
0.4915556994818657,0.489975,0.48961101836394016
0.47732253886010406,0.472525,0.47429549248747954
0.427155440414508,0.41822500000000007,0.4218656093489151
0.2618613989637307,0.2512,0.2516210350584307
0.01517227979274611,0.014750000000000003,0.014182804674457417
0.0,0.0,0.0
0.0,0.0,0.0
0.0,0.0,0.0
0.0,0.0,0.0
0.0,0.0,0.0
0.0,0.0,0.0
0.0,0.0,0.0
0.0,0.0,0.0
0.0,0.0,0.0
0.0,0.0,0.0
0.0,0.0,0.0
0.0,0.0,0.0
0.0,0.0,0.0
0.0035362694300518117,0.010575,0.005123539232053423
0.2594261658031092,0.271875,0.26238230383973304
0.4895867875647669,0.48897499999999994,0.4875217028380637
0.533318652849741,0.5318250000000001,0.5311010016694483
0.5295919689119167,0.5298999999999998,0.5272704507512518
0.5134948186528496,0.514375,0.5110125208681129
0.503064766839378,0.503275,0.5003238731218708
0.48830051813471426,0.48567499999999997,0.4843363939899836
0.4366968911917098,0.4302750000000001,0.430347245409015
0.26911010362694304,0.2607250000000001,0.25806176961602684
0.01729274611398962,0.0167,0.016000000000000014
0.0,0.0,0.0
0.0,0.0,0.0
0.0,0.0,0.0
0.0,0.0,0.0
0.0,0.0,0.0
0.0,0.0,0.0
0.0,0.0,0.0
0.0,0.0,0.0
0.0,0.0,0.0
0.0,0.0,0.0
0.0,0.0,0.0
0.0,0.0,0.0
0.0,0.0,0.0
0.003101036269430051,0.010425,0.004470784641068447
0.2531541450777206,0.26545,0.2560091819699496
0.4817564766839379,0.48265,0.4790475792988324
0.5252305699481871,0.5244499999999999,0.5222587646076791
0.5182577720207251,0.5189250000000001,0.5153247078464092
0.5006347150259062,0.5014999999999998,0.49782888146911575
0.48965284974093315,0.48967499999999997,0.48687813021702864
0.47531994818652845,0.47232499999999994,0.4714933222036722
0.42630440414507753,0.419475,0.4201602671118532
0.26459326424870466,0.25622500000000004,0.25371535893155256
0.016954663212435234,0.016399999999999998,0.01566527545909851
0.0,0.0,0.0
0.0,0.0,0.0
0.0,0.0,0.0
0.0,0.0,0.0
0.0,0.0,0.0
0.0,0.0,0.0
0.0,0.0,0.0
0.0,0.0,0.0
0.0,0.0,0.0
0.0,0.0,0.0
0.0,0.0,0.0
0.0,0.0,0.0
0.0,0.0,0.0
0.0024974093264248706,0.009225,0.0034883138564273794
0.2492901554404145,0.2613,0.25168280467445736
0.47718134715025906,0.477375,0.4742328881469118
0.5238199481865281,0.5218250000000001,0.5204766277128552
0.5208251295336787,0.5209750000000002,0.5176093489148583
0.5044689119170979,0.505775,0.5012796327212016
0.4932979274611393,0.49400000000000005,0.4901661101836397
0.4777150259067352,0.4750500000000001,0.47360517529215335
0.4268808290155444,0.4201999999999999,0.420610183639399
0.2655945595854923,0.25705,0.25495742904841423
0.01727461139896373,0.016724999999999997,0.01596410684474123
0.0,0.0,0.0
0.0,0.0,0.0
0.0,0.0,0.0
0.0,0.0,0.0
0.0,0.0,0.0
0.0,0.0,0.0
0.0,0.0,0.0
0.0,0.0,0.0
0.0,0.0,0.0
0.0,0.0,0.0
0.0,0.0,0.0
0.0,0.0,0.0
0.0,0.0,0.0
0.002062176165803109,0.008624999999999999,0.002857262103505843
0.24914507772020722,0.26065,0.25206427378964924
0.47704663212435267,0.476425,0.47550000000000087
0.5234520725388595,0.520425,0.5214440734557582
0.5194196891191707,0.5175750000000001,0.5173981636060102
0.5024274611398969,0.501125,0.5004315525876463
0.4911139896373059,0.4889,0.48913772954924956
0.4769248704663214,0.47135000000000016,0.4737971619365611
0.4282694300518132,0.419275,0.4229716193656093
0.2692681347150259,0.25867499999999993,0.2593772954924878
0.018882124352331598,0.018,0.01751919866444074
0.0,0.0,0.0
0.0,0.0,0.0
0.0,0.0,0.0
0.0,0.0,0.0
0.0,0.0,0.0
0.0,0.0,0.0
0.0,0.0,0.0
0.0,0.0,0.0
0.0,0.0,0.0
0.0,0.0,0.0
0.0,0.0,0.0
0.0,0.0,0.0
0.0,0.0,0.0
0.0015932642487046633,0.007549999999999999,0.002199499165275459
0.2450427461139889,0.25692499999999996,0.24759849749582633
0.4727202072538863,0.4724500000000001,0.47057262103505915
0.5201968911917099,0.5179,0.5179040066777958
0.516673575129533,0.51615,0.5145834724540898
0.5008976683937816,0.5010750000000002,0.4989899833055098
0.4908277202072546,0.49037499999999995,0.4889190317195339
0.4783847150259066,0.4749500000000002,0.47522871452420734
0.4309430051813474,0.42387500000000006,0.4252954924874792
0.2726243523316062,0.26292499999999996,0.2622813021702842
0.019652849740932635,0.01885,0.018135225375626052
0.0,0.0,0.0
0.0,0.0,0.0
0.0,0.0,0.0
0.0,0.0,0.0
0.0,0.0,0.0
0.0,0.0,0.0
0.0,0.0,0.0
0.0,0.0,0.0
0.0,0.0,0.0
0.0,0.0,0.0
0.0,0.0,0.0
0.0,0.0,0.0
0.0,0.0,0.0
0.0013082901554404146,0.006975,0.0017370617696160274
0.24961528497409305,0.260725,0.25253005008347257
0.48423186528497436,0.48375,0.4826268781302177
0.5353329015544037,0.5329,0.5332337228714512
0.5328847150259066,0.5323750000000002,0.5306060100166945
0.5161619170984452,0.5167000000000002,0.5137161936560927
0.5042979274611397,0.5042749999999999,0.5017086811352257
0.48952072538860064,0.4865000000000002,0.4858030050083471
0.4403018134715028,0.43352499999999994,0.43423873121869827
0.28004404145077744,0.27029999999999993,0.26948414023372286
0.02091191709844559,0.020225,0.019283806343906498
0.0,0.0,0.0
0.0,0.0,0.0
0.0,0.0,0.0
0.0,0.0,0.0
0.0,0.0,0.0
0.0,0.0,0.0
0.0,0.0,0.0
0.0,0.0,0.0
0.0,0.0,0.0
0.0,0.0,0.0
0.0,0.0,0.0
0.0,0.0,0.0
0.0,0.0,0.0
0.0010945595854922282,0.006575,0.001401502504173623
0.24692357512953383,0.25917500000000004,0.24988313856427405
0.48281347150259124,0.48480000000000006,0.4806360601001671
0.5350608808290159,0.5350750000000001,0.5323914858096825
0.5343769430051807,0.535775,0.5314482470784639
0.5186748704663204,0.5207000000000002,0.5156377295492484
0.5074753886010356,0.5090499999999999,0.5043764607679472
0.4934818652849735,0.4919000000000001,0.48934641068447426
0.44453626943005153,0.43915000000000004,0.4381135225375624
0.2845466321243523,0.27625,0.2734649415692826
0.02257901554404144,0.021950000000000004,0.020655258764607675
0.0,0.0,0.0
0.0,0.0,0.0
0.0,0.0,0.0
0.0,0.0,0.0
0.0,0.0,0.0
0.0,0.0,0.0
0.0,0.0,0.0
0.0,0.0,0.0
0.0,0.0,0.0
0.0,0.0,0.0
0.0,0.0,0.0
0.0,0.0,0.0
0.0,0.0,0.0
0.0008652849740932644,0.005625,0.0010634390651085143
0.24542227979274617,0.2581000000000001,0.24817362270450743
0.4832746113989632,0.48372500000000007,0.48049833055091845
0.532941709844559,0.530775,0.530146911519198
0.5300077720207256,0.5297999999999999,0.5272328881469114
0.5134896373056995,0.51445,0.5108030050083466
0.5018613989637308,0.5025000000000001,0.4991903171953257
0.4877953367875644,0.4856249999999999,0.48408096828046754
0.44021502590673556,0.4346,0.43412103505842997
0.2854093264248704,0.2768750000000001,0.2744273789649418
0.02441450777202072,0.024375,0.022321368948247083
0.0,0.0,0.0
0.0,0.0,0.0
0.0,0.0,0.0
0.0,0.0,0.0
0.0,0.0,0.0
0.0,0.0,0.0
0.0,0.0,0.0
0.0,0.0,0.0
0.0,0.0,0.0
0.0,0.0,0.0
0.0,0.0,0.0
0.0,0.0,0.0
0.0,0.0,0.0
0.000705958549222798,0.00465,0.0007821368948247079
0.24107772020725365,0.253575,0.24341903171953297
0.4791955958549224,0.47992500000000005,0.47617111853088556
0.5304132124352329,0.528875,0.5272253756260434
0.5262849740932632,0.5259750000000001,0.5231978297161934
0.5095401554404144,0.510225,0.5065075125208683
0.49885880829015516,0.4992750000000002,0.4957988313856432
0.4866347150259066,0.4841500000000001,0.4824866444073457
0.4404119170984453,0.43447500000000006,0.43394824707846413
0.28755051813471516,0.27872500000000006,0.2765133555926549
0.025503886010362718,0.025500000000000002,0.023449916527545883
0.0,0.0,0.0
0.0,0.0,0.0
0.0,0.0,0.0
0.0,0.0,0.0
0.0,0.0,0.0
0.0,0.0,0.0
0.0,0.0,0.0
0.0,0.0,0.0
0.0,0.0,0.0
0.0,0.0,0.0
0.0,0.0,0.0
0.0,0.0,0.0
0.0,0.0,0.0
0.0005492227979274612,0.0036000000000000003,0.0005509181969949919
0.24088082901554392,0.25350000000000006,0.24321452420701128
0.4817927461139896,0.4836250000000001,0.4787086811352257
0.533857512953368,0.5335000000000001,0.5305717863105176
0.5294740932642483,0.531025,0.5264424040066777
0.5121243523316059,0.5143250000000001,0.5093247078464104
0.5005829015544043,0.5016999999999998,0.49782721202003344
0.48783678756476656,0.48592499999999994,0.48398330550918256
0.44295595854922293,0.4373499999999999,0.43673455759599294
0.2923497409326427,0.28385,0.28159766277128534
0.027112694300518127,0.027675000000000005,0.024883138564273793
0.0,0.0,0.0
0.0,0.0,0.0
0.0,0.0,0.0
0.0,0.0,0.0
0.0,0.0,0.0
0.0,0.0,0.0
0.0,0.0,0.0
0.0,0.0,0.0
0.0,0.0,0.0
0.0,0.0,0.0
0.0,0.0,0.0
0.0,0.0,0.0
0.0,0.0,0.0
0.00042357512953367885,0.002925,0.00039482470784641077
0.23748575129533686,0.24905,0.2398155258764606
0.4782759067357514,0.47872499999999996,0.47498914858096813
0.5321360103626943,0.5301000000000001,0.5284607679465773
0.529818652849741,0.5293749999999999,0.5262495826377295
0.5132357512953367,0.513625,0.509780467445743
0.5012966321243525,0.501225,0.4978697829716197
0.4879391191709841,0.48555000000000004,0.4836160267111852
0.4425375647668388,0.43702499999999994,0.43618530884807993
0.2928937823834194,0.28364999999999996,0.28230217028380633
0.027889896373056985,0.027575,0.0257612687813022
0.0,0.0,0.0
0.0,0.0,0.0
0.0,0.0,0.0
0.0,0.0,0.0
0.0,0.0,0.0
0.0,0.0,0.0
0.0,0.0,0.0
0.0,0.0,0.0
0.0,0.0,0.0
0.0,0.0,0.0
0.0,0.0,0.0
0.0,0.0,0.0
0.0,0.0,0.0
0.0003238341968911917,0.00225,0.0002495826377295492
0.23146502590673593,0.24302500000000005,0.23336978297161903
0.46986528497409374,0.4680999999999999,0.46666277128547684
0.526625647668394,0.5226749999999999,0.5231252086811353
0.5247240932642483,0.52235,0.5211828046744583
0.5079831606217621,0.5060499999999999,0.5043989983305515
0.4951036269430049,0.49235000000000007,0.49145909849749564
0.4808147668393779,0.4745750000000001,0.47627045075125163
0.43277202072538834,0.42264999999999997,0.4263055091819704
0.2850000000000004,0.27237500000000003,0.27475792988313913
0.02848056994818653,0.028200000000000003,0.026415692821368957
0.0,0.0,0.0
0.0,0.0,0.0
0.0,0.0,0.0
0.0,0.0,0.0
0.0,0.0,0.0
0.0,0.0,0.0
0.0,0.0,0.0
0.0,0.0,0.0
0.0,0.0,0.0
0.0,0.0,0.0
0.0,0.0,0.0
